226
00111001
00111010
10001011
10110110
11010000
00001111
11001010
11001000
11001110
01110010
10010111
10100100
11010100
01010001
00110011
00101110
01100000
00001111
01111101
10001101
00110110
10001100
11111010
11011101
01101010
10100001
10001000
11001111
10110100
00110110
11110000
11111101
11101011
01010110
01010110
01011111
11111110
00011001
11111101
00110111
11111010
01001010
00110101
10101000
00010111
11100010
01100011
10111111
00001101
11011010
01011001
10110011
01111111
01010111
01001001
10010111
10101001
00011011
10011000
10011000
00001010
10000011
10001001
01111101
00110111
11011011
01100101
10111001
10011111
01100010
00110100
11010101
00010001
01011100
00100100
00100111
11011100
11011111
01000011
01110011
11010110
10110111
10110000
01111001
00010111
00010010
11010000
01000110
00101010
01101001
10011011
11101110
00011101
11100001
01000100
00111110
01000110
10101111
01100011
10101000
00110101
11001000
01111101
00110101
00100100
11011111
11001010
01111111
11001001
00000000
01010111
01100011
11101001
11110010
01000110
10011110
11001011
01000001
01100001
11001001
10111111
10110110
11100000
01100011
11010110
11110111
00001111
10001010
01100001
00101010
01101010
00011101
10111110
10010001
00110101
00000111
11000111
10000000
10101101
11001010
00111000
10001001
00101100
00010010
01000000
01000010
01111011
11101101
00101101
00011011
10001111
11101111
00111101
10110101
10011001
11011001
00010010
11000110
10111101
11111101
00001111
11111110
01010100
00101001
10110101
01000111
10101101
01101000
00101001
10101110
10110110
01101101
10110111
01110101
00010011
00010001
01001010
00001111
00100111
11101001
11000101
11110000
00100110
10011100
01110011
00001101
10011001
00001011
11001010
10110010
10011010
00111011
10000011
11111100
00011011
10101000
00001110
00001101
10110101
01000100
00111101
10010101
01100100
10111101
00010011
01010000
10101001
01100010
11101001
00000011
11101000
01000110
10000010
10101010
10001110
01100111
10100010
01000111
11101011
11011001
00110110
01011110
01101001
00101111
00111001
00100100
10100100
01100011
00100100
00001001
01010110
01100011
00000000
01011011
11001111
01111001
01001110
00011000
01010110
01001100
01001001
10100111
00101001
10111100
11000111
00100101
10110110
00011100
11100101
01010010
01110101
00010110
00111100
11100001
11011100
01000000
00010100
10110011
00010101
10110110
10001101
10101011
10000000
00010100
01010001
10100110
11000010
11100000
01011001
11011110
11111011
10100011
01111000
00100010
01111010
00100011
10100110
01110111
00100111
11000111
10101010
11110001
01111100
10110000
10010010
01011011
00101101
00101100
10000111
11111111
01101010
01111011
11101010
11000110
01010010
00010000
01001100
01001110
11010100
10010000
10101011
01100010
01010110
10111110
11100010
01101000
00111010
00000101
10001010
11100001
00000000
11010000
01011001
00010110
10000010
00100010
10100010
10011000
01000101
11101101
00110011
01110111
11100100
11000111
00101010
10000010
11011000
11010100
11001000
11100110
01011011
01001001
00101100
11101101
11000101
01000100
00000000
10111011
11111000
01111100
01110110
10111000
01011100
10101100
01101111
11111001
00001001
10010001
01001000
10101100
01101011
11000000
00001010
10000001
10010000
11101001
00010010
11001001
10110010
11011111
10001011
00110001
00010111
01111111
10001001
11101100
00001011
11011000
01010011
10010111
01111010
10011000
11001000
11010101
00111101
11001000
10110100
00100111
01111100
10100001
10010100
11000110
00110101
11010011
01101010
01001000
01110001
01001101
00011110
10010100
01111101
00011101
01001001
10001000
00101100
01010010
01101111
11101111
11011110
00100010
00101011
01100101
01110110
01110100
01001110
10110101
10001010
10100010
01000011
10110110
00000000
00010111
11111110
11001111
10000010
00111110
01110101
11001010
01000011
10011111
11000101
11011000
00111110
10010111
11011111
00111001
10011111
10010101
11001111
01011010
11100111
01010110
00010110
10101101
00100100
11011111
01111111
01111001
00000001
11000111
01100101
10110100
01011110
00100111
01100000
11011111
11010011
00111000
00111001
01111010
10000100
11011110
11011001
00001111
10101010
11110010
00011000
01001011
01000001
11101111
11100100
00010100
11001010
00111000
10001101
10111000
10111011
11000110
10010010
00000010
11000101
00010111
11101001
11001110
01001010
01011001
11111111
10000111
00011100
01000010
11100111
10011100
10111000
11101110
01101110
00010110
11110111
11001100
11101100
10000000
11001101
01011000
11001101
00011110
10000110
00001001
01101011
01110111
01010111
11101010
01111000
00110000
01010010
01100100
00100111
11111000
01011001
00001111
01100000
11000010
10011010
00111001
11111100
00111100
11010001
11000110
00000010
01000110
00011000
00111100
01001000
00101100
10001010
10100111
01110111
10000101
01101111
00000100
11100010
11001000
10100101
11001001
01101111
01001100
01100001
10000111
11100000
11101101
10010010
00101011
11011010
10101111
00110111
10001101
01001001
11010011
01101100
11001110
01111001
01111101
11110011
10111010
01011010
11111101
10100100
01110100
01001110
10000111
11000110
11111010
00101001
11111000
01100001
00010010
11001000
10001010
10011100
10011001
10111101
00100001
11111101
01001110
01001011
10000110
11111101
00000100
10010100
01101010
11101010
10011101
11101000
00011111
00011100
01101001
00101010
11101010
00101001
10100100
11000111
11100010
10010110
10000111
11110010
11001011
01100110
00011101
00000000
11000111
10001000
10111011
10011110
10001010
00011000
10010011
00100110
01100110
10001100
10111111
10001110
11000000
10100100
10000000
00011010
10000010
01001110
10101111
00011100
00111011
01100101
00001100
00010001
01101101
00000101
00110101
00011011
10011111
00001011
10011100
00100110
11011001
11100100
01000101
11101011
10001101
10101100
10001001
01011111
00101010
10111101
10111011
11011101
10111100
10111011
01101111
10010011
11110111
01001100
11100100
01100111
11000000
00001001
11100100
11100101
01110111
01101000
10101001
10100111
11111100
01101101
11110000
11111110
01000011
01010001
00110101
01110000
00100110
11111000
01001101
10011001
01000110
10000001
11111000
00000001
11010001
10111101
00110010
01000000
01011101
01111010
11011110
10001101
01111110
01111011
11101101
01100100
10011001
11011110
10101000
00101110
11111001
01001001
01001000
01011000
00110010
11101101
11111101
01011111
10001111
01111000
10111110
11100011
10001111
10100001
01011110
00101110
01001100
11010101
01110001
00011101
10011101
00101011
11010111
11110001
00101100
00001100
11101101
11000101
01001111
10110111
01010100
11111111
11001111
11101011
01000110
01001010
11000010
00000001
10001001
11000000
01010000
00110110
00001100
01001110
10110111
10110110
01101001
11100110
10110010
00011011
00111000
11001001
10101010
10110100
10100001
11101001
11111110
01101100
11011100
10010001
01001110
00011000
10000100
10100111
11101100
10000001
11100110
00010001
11001110
01001110
00101011
01111010
11100011
10000111
10100111
00110000
01001010
10111110
10101101
10100001
00111101
11010011
11110111
11001010
11010001
10011100
10111110
11010111
11111111
11101011
11000010
10110000
01100101
01010001
00100111
01001111
11001111
10010101
11101101
01100001
11000111
10111100
10010010
01001101
01100101
11000011
10000101
00100001
01000011
00100101
10110000
01010111
00000110
01110000
01100000
11001101
10110011
01100101
10011111
01001110
00100100
00100110
01100001
11010010
11100100
01010110
00101111
01100001
11001010
00010010
10101110
01001000
10011011
11010101
01010100
01111010
01101010
01110011
00000001
00001100
01110011
11010101
00101100
01101001
00000111
00111111
00010001
01101110
10100011
10101111
00100111
10001010
11010100
01110101
10111110
01001110
11000111
00001000
01001110
01101000
11000000
10000010
01001100
11000011
01011001
00110100
01001000
10110010
10100110
10110100
10010010
01110110
11011110
11000001
10100101
01000111
11110001
01001100
10100101
11011000
10001000
11110111
11010101
11110100
11011111
11101111
10011010
01010110
11111111
00111001
11101110
01111010
11000111
11111100
01100001
00111111
10000001
11001000
11001011
01100111
11111100
00111110
01101011
01000100
00011010
00000111
00011111
00101000
11100010
11100110
00100110
11011000
01011010
01111101
10100100