4233 4243
3435 2386 12
955 771 14
1049 2237 13
3875 2684 7
1681 2566 11
1952 2109 20
2554 1000 20
3922 2986 14
733 603 9
3980 566 20
2676 3100 14
1616 2565 11
3463 2126 9
3432 3351 12
237 1341 16
2222 3324 15
3837 605 8
2507 3613 14
2170 3529 5
1940 3727 15
2230 1023 15
4048 1138 7
4022 4203 20
1438 3983 14
2525 4011 9
1944 4115 14
3465 2755 20
3080 1161 20
1648 2211 11
3532 373 16
2244 1939 18
4232 1328 13
3176 4172 14
912 3038 20
2817 3198 7
1752 4106 18
4167 4188 19
1086 1015 13
2934 3958 5
55 2323 15
3774 1302 10
3070 2395 8
1377 440 9
890 3881 8
1750 565 13
0 2514 11
3170 2551 16
3451 708 6
79 3079 13
1420 4047 14
4145 844 12
2422 1992 8
2152 2556 12
3545 2438 17
328 3439 20
2036 2089 11
2608 2820 14
1250 4184 14
768 48 9
2645 3629 18
1959 2692 10
4053 284 11
603 3019 11
924 2665 7
1443 2155 19
1113 3188 17
1021 4155 5
1140 850 20
3301 1723 7
321 1600 11
1512 894 7
765 2714 11
2041 2642 7
618 843 18
2839 1342 11
109 3243 18
3863 3033 19
2179 820 11
3202 3444 12
4112 3713 5
2479 3666 18
4228 2652 17
683 3438 14
3802 3886 10
3979 4141 9
282 2300 6
1154 1252 17
868 2198 17
950 725 5
435 2247 9
3592 1652 10
1011 663 17
2949 1633 11
3561 3605 11
1661 3349 9
2726 1712 6
3510 2873 20
2526 3323 5
4198 3193 7
1548 3632 19
2973 4198 20
2015 3303 12
2425 3118 16
3395 1787 14
2143 828 7
880 2474 10
3026 4020 20
3771 4148 16
1803 459 14
3374 21 14
730 1182 16
3998 3043 6
484 2427 6
2770 361 16
3134 839 13
845 590 18
3087 1691 5
1441 1280 19
2040 576 19
1617 1336 13
3158 4091 19
3250 3947 11
391 3300 18
3326 3736 6
3411 4174 11
3514 2279 13
327 398 39
711 675 12
2493 120 20
598 3739 5
3175 1465 18
124 1419 13
1587 4179 12
3234 3267 6
399 168 19
4108 2520 6
430 836 17
789 4119 7
3040 477 5
479 490 11
2383 3112 16
3342 1117 17
2903 2355 5
3165 2728 8
1649 2554 10
745 194 8
3064 2004 20
2701 3152 13
1545 185 10
417 1870 7
2352 25 19
637 3422 13
2914 706 6
654 3415 10
2786 433 20
99 3702 16
681 3108 8
1122 506 11
2130 146 5
746 2034 17
2146 2098 5
2191 2375 17
852 3994 15
408 3287 13
1884 3916 7
728 3245 12
108 2519 19
247 2795 5
1540 2710 7
4133 690 13
3180 2913 9
879 592 20
1897 3127 6
2824 1694 11
1769 1654 15
2737 743 11
3617 153 12
4020 2404 13
1507 1881 18
4199 1826 15
4018 1730 10
155 3114 14
808 2393 20
3151 3067 13
2851 2187 19
1378 4080 5
530 195 15
1514 1988 10
267 0 18
1052 3370 12
2459 3602 7
3914 1926 19
1662 2220 15
3091 2629 11
2863 467 12
307 1726 8
2956 293 5
2501 315 14
1696 1681 10
1911 2727 20
1192 1651 7
3567 3393 17
2541 2601 11
3555 2294 20
3579 1386 11
3838 2248 8
2476 3630 8
523 2911 7
3498 4004 19
524 141 6
2429 1061 13
588 3362 17
1625 3277 17
1632 785 18
3735 220 7
4142 3780 20
1409 3319 15
89 91 6
3849 1274 10
3604 4124 6
1253 1996 66609
2713 3785 8
2900 3885 13
1184 382 16
1415 797 7
2875 3192 6
1624 4149 15
700 3212 11
2267 2239 9
817 2262 12
3316 243 18
838 206 11
3677 1557 5
3966 2154 19
965 1054 20
497 880 8
3302 834 11
4078 792 13
3648 1212 6
1453 458 7
2075 2971 13
949 931 8
54 1489 20
3481 3514 11
4175 2424 15
4029 1070 16
897 982 15
2745 1528 13
2167 3677 17
158 889 18
2023 2426 13
1237 2577 6
2818 2759 19
532 2367 11
2420 337 13
1256 3505 12
2952 1147 15
664 2596 17
1958 2924 20
72 2934 13
3102 499 15
679 4084 11
239 4013 13
1277 4081 16
22 139 10
596 2208 11
32 3146 13
1652 1952 13
3466 910 17
2400 3328 16
2504 2683 10
1770 2075 16
3203 2704 10
3078 217 14
920 1688 11
952 69 7
970 622 14
1824 2485 15
92 2013 14
2983 1820 9
3746 252 10
2363 740 14
125 2876 17
1442 1751 20
2831 2452 8
1964 3765 5
1690 2445 18
1565 1228 17
4027 2612 7
670 309 6
3972 420 16
3086 4052 18
445 4123 11
291 2659 8
2879 1643 6
2049 305 10
3208 2624 9
3324 3645 9
884 1352 5
3380 3307 17
1472 1101 18
2743 1910 7
1605 3251 7
3069 3932 10
49 3154 7
3364 4136 18
3282 2502 5
3424 1185 7
2660 452 5
2255 3522 19
1949 3407 20
1839 1269 17
3306 2711 14
1489 413 9
892 3487 13
788 1704 14
210 1303 11
959 3954 20
2957 578 14
84 428 7
2498 1534 17
3349 1265 15
648 3829 19
1334 3194 5
594 1777 6
976 1034 20
2201 178 15
3538 343 14
1516 1896 11
3632 1527 20
4101 3517 14
2684 3321 5
1476 2487 14
3100 2003 9
977 1911 17
774 2490 6
544 4229 14
3427 2568 9
1801 2021 5
3181 1316 19
1449 4212 18
2694 1929 16
3611 1405 11
3381 3140 18
37 1659 12
3246 3484 19
465 582 6
3763 3979 7
390 1825 15
2885 390 6
720 2085 20
2221 3259 16
974 54 18
316 1769 19
151 395 11
1629 244 19
1891 2605 13
4126 2313 20
2219 699 17
2245 4073 19
2014 2148 10
3033 2965 5
3419 991 10
3816 1399 6
3697 3859 8
682 3376 6
3393 998 9
1089 4215 11
1137 275 17
3626 1042 19
2915 116 14
3396 3315 18
2384 855 12
1787 278 18
336 1790 15
2920 2734 18
4183 3638 20
4106 1957 9
2641 3511 11
1251 3711 12
2792 3793 7
1391 2467 7
2999 2078 19
2689 2839 19
1110 2768 5
3799 885 6
1024 1695 8
1601 3309 15
4229 1622 17
2121 2062 7
1104 1721 13
1483 1562 17
3556 2534 8
243 3389 17
1248 876 20
58 1306 5
1994 2255 15
3372 588 16
2597 2442 13
779 806 8
2307 1118 15
388 1124 5
3011 2698 16
1575 950 15
2440 1365 8
4151 2870 10
3082 1917 9
197 615 8
2463 1823 18
3008 246 9
3896 3458 12
2636 1310 14
3348 1597 7
1119 2729 6
2052 3782 16
1786 2059 12
3244 74 12
360 3555 14
4014 3940 13
1361 749 5
1466 3850 12
1980 833 12
3304 2657 11
3800 2587 15
1342 403 12
943 518 5
2749 2575 19
2349 1267 17
986 3789 12
3183 3673 12
3333 801 6
1271 360 11
3405 4228 15
2338 4181 20
3320 3145 12
3537 2325 10
53 3166 7
1357 1044 11
384 2074 11
5 2407 12
3035 1372 19
2666 3095 11
2834 2724 14
4069 1932 8
2695 3745 18
1780 3844 18
823 3553 9
483 722 8
2671 4161 20
2275 32 13
4082 2626 8
2125 3147 10
1517 3049 17
220 1773 9
2989 2284 17
1792 2216 5
960 3471 11
2484 1512 19
1198 3373 12
3870 503 9
1333 1818 18
2197 4006 8
2193 1607 18
2256 4151 19
3599 3365 18
3726 3866 19
1783 1546 8
4200 3873 20
4189 3862 17
888 1507 5
1397 3490 11
1355 627 9
2406 1449 6
3661 2680 14
756 3435 15
1221 3970 15
175 650 18
2733 2589 19
429 535 17
2652 4145 8
3249 1890 14
2729 2165 13
781 825 8
94 3087 8
2968 671 13
35 167 9
1282 778 11
1023 3608 20
1637 3607 5
2598 727 18
1692 3981 18
3431 4018 18
287 1707 10
934 2057 20
3929 1007 10
2663 1755 5
1008 27 8
2487 635 11
2763 1916 15
4006 3440 5
638 2091 18
3616 845 18
3607 2343 19
1133 1782 12
749 905 8
735 570 19
3894 2791 18
1646 3779 9
1274 2437 14
2495 304 19
4172 2493 9
3722 3015 19
1679 1134 6
3618 846 7
1477 1922 13
584 4086 5
3083 748 15
3292 1763 15
1852 3669 12
350 1404 7
1337 90 10
689 473 20
1167 3812 17
983 2472 12
171 1958 14
2380 3838 19
228 249 6
4214 1286 8
3884 3174 6
2297 3600 17
2632 656 9
4184 164 9
3634 1 17
448 2398 13
2196 4159 8
2631 1479 11
347 1887 8
3073 3814 11
555 3229 20
1055 3681 11
52 3525 7
1471 2226 17
233 3150 19
3452 645 15
3482 3074 11
811 17 7
3946 2434 6
1967 3008 14
1743 3492 13
2367 3818 16
3784 1520 5
3017 3448 12
1111 1469 5
2379 936 6
1600 3386 16
2264 3406 13
3205 2392 8
263 1842 14
1749 3232 7
105 1362 14
1566 3781 20
4121 482 7
3690 4103 20
2213 2000 12
3706 3956 14
2381 533 9
2751 3054 10
3636 1155 19
1425 3906 13
1762 283 8
3093 3693 15
1038 2750 12
3403 429 20
248 3962 12
690 1568 10
3893 61 15
1169 2243 11
2601 3336 16
2774 865 6
798 75 10
219 2140 16
2716 3755 10
3030 3172 20
1702 2330 7
1833 521 12
611 13 17
200 2988 16
640 112 16
2252 4031 14
2901 2968 10
3658 2383 18
3231 3797 7
495 3898 20
1168 992 16
2677 2996 8
3584 416 9
964 2448 17
4042 3546 20
1680 705 19
203 2640 5
2286 1132 20
2478 3385 12
2119 3915 16
2532 2361 8
467 543 19
1965 2772 13
2253 1581 6
1886 175 5
3828 1123 10
2129 1657 19
872 2747 5
2141 3069 16
375 174 11
2490 1725 10
2059 3878 14
928 2604 14
2496 128 7
2556 925 19
2218 3598 20
1901 46 17
3787 1186 10
2574 1206 6
1236 4044 7
1307 2992 11
3956 2164 9
2274 3463 15
3108 3992 13
379 345 6
675 2651 10
698 2912 17
1572 2725 9
626 188 12
75 1195 12
244 2780 20
3307 1948 8
1300 1882 11
3572 1139 15
4109 2261 9
335 2895 11
3468 2732 10
3548 723 9
1607 2745 14
3940 1304 19
832 248 5
1975 2944 17
2888 1002 8
3056 3815 5
4194 1925 9
2180 169 17
1938 1395 10
3974 2564 13
4149 2001 14
3582 1391 11
3046 1017 18
2704 1529 9
843 1685 20
3613 2933 18
3743 1193 8
1582 234 18
1973 3237 14
1019 1571 14
2908 564 20
2515 617 20
575 1063 10
3196 3403 14
405 516 14
724 3735 15
3129 224 8
1484 1839 8
704 1906 8
3464 3414 20
3266 3434 6
1650 693 13
476 1382 7
265 2942 9
1036 1170 19
2347 4168 14
2592 940 16
355 1627 16
3951 3730 9
3910 1535 15
3854 1393 14
819 755 15
1596 4057 7
3827 1955 17
2203 3364 16
1459 336 5
1339 65 10
2421 2461 19
3112 2302 12
1368 2181 13
2905 2503 10
3625 2435 14
409 94 5
3602 171 17
2029 2410 10
3426 1921 8
862 1253 19
2462 3318 13
1612 2631 16
4181 182 12
685 280 5
31 915 16
3315 996 17
908 3116 16
3695 3609 7
3110 4102 16
3958 572 9
460 4036 13
1966 2446 8
1501 3388 17
2088 4224 17
3419 919 1246
3912 2402 5
1809 772 14
2775 3113 10
258 40 16
3814 1785 15
587 695 14
1451 813 12
3004 177 5
3152 966 8
181 3894 7
27 1022 14
825 964 20
71 364 13
173 2423 14
2776 3035 5
3573 3533 20
2417 4029 16
4192 281 17
2122 1889 12
2050 3097 11
3947 2721 8
2228 114 17
1226 2105 17
2161 854 18
1340 726 9
1316 1319 16
3048 3201 15
2326 1717 20
1246 2901 19
1280 2263 8
3989 678 6
586 449 10
1138 3567 19
1079 1518 20
2782 2388 7
2149 4173 20
3350 3179 8
3981 1144 15
2830 2851 13
3679 2730 7
1389 463 20
747 3564 18
118 2879 17
4125 863 5
2842 2444 13
1621 2553 18
3101 4192 11
2659 3096 10
3166 4015 14
2791 610 12
1918 1573 12
3932 902 6
3014 1046 6
3198 497 13
3310 3086 15
368 286 6
2688 3849 5
2461 3903 16
3075 2723 14
1547 653 10
1145 3310 11
536 2230 9
2396 1595 7
2364 31 8
1287 1891 18
1401 183 9
1880 3652 8
294 1667 11
2158 1198 16
3581 1277 19
796 2891 5
2735 953 17
1820 2835 6
3820 1211 9
1177 23 13
2878 3244 9
4185 3129 15
2919 4202 11
537 3230 18
2977 3833 19
474 2116 8
1214 3486 9
1348 2500 19
653 558 9
3562 469 9
3287 1999 5
3201 1488 11
3068 1262 13
3174 2763 14
2343 2621 12
62 3754 20
1815 2713 13
2876 2017 9
2251 215 9
133 3945 16
697 3202 19
180 4039 17
2747 4180 15
4061 1079 12
1107 3750 7
1502 3026 6
4128 583 11
3757 710 7
2147 374 11
461 541 5
968 3273 16
2978 142 11
2395 356 12
794 3046 16
2544 2245 9
816 1802 6
3238 2454 14
2153 620 17
2720 1458 12
3009 3005 19
4034 1129 5
1440 2297 18
1657 2501 15
2433 3131 11
2530 3443 11
2777 240 19
2925 3930 17
1464 3381 11
3621 2179 5
132 2831 18
3367 3663 5
1351 4114 17
3769 914 15
2295 1637 11
3897 1672 17
3508 2114 11
3739 1913 17
1717 2754 13
659 14 16
1613 1670 5
500 2958 19
2204 3989 5
1754 741 15
867 357 11
1868 3037 10
2986 1140 5
4043 471 15
1578 2204 6
186 557 5
734 2087 10
1493 1570 5
1758 720 8
2409 2289 16
4171 1558 15
2223 1542 13
2243 2700 15
51 3951 5
2897 2736 18
3357 2285 8
2358 948 18
2655 1261 5
1594 3877 6
1694 2376 19
831 4117 8
946 655 20
691 3332 15
2273 1650 13
2570 1994 17
2220 2194 10
1345 2168 13
2904 259 19
86 152 8
1285 2197 9
676 2192 16
2723 1255 23
812 2 5
2473 2527 19
3919 3788 11
150 2858 19
3594 3234 14
528 4030 14
2693 2002 13
1865 3852 19
1457 3256 62727
317 100 16
3443 62 17
882 3396 19
534 1309 13
3239 2244 5
649 3502 9
3259 3119 19
1602 2092 6
3293 3493 15
1919 4001 11
2527 1031 19
2862 3924 20
1375 3314 17
4093 3028 10
1354 2301 8
3812 1584 19
3841 3634 10
1422 4109 5
516 3431 17
2436 1361 19
1627 3874 13
2604 1422 14
2624 2929 19
4067 453 7
147 2079 10
1740 1671 9
3703 1849 17
3224 348 20
436 72 9
1427 1357 13
2281 4096 18
3130 1563 5
1931 3957 15
2698 2299 9
1523 1719 10
3469 2760 18
894 694 17
1240 3575 5
918 1024 5
1268 1251 12
2074 2356 11
3265 3392 13
1669 3013 13
2287 4060 10
116 3813 8
3609 287 14
1744 1577 11
1444 2752 11
333 2316 13
3640 2707 13
1437 3518 5
66 586 14
2941 3206 7
3901 2591 19
1668 2769 15
1633 1937 8
818 273 15
59 2855 6
1302 3917 20
4144 1908 14
2447 3871 14
395 618 17
2974 1038 9
2928 1408 20
4123 512 14
3027 2125 10
3486 1340 8
3061 626 12
2898 1834 9
2642 2432 17
70 1923 7
3817 1482 10
2643 673 10
298 2369 16
839 3187 18
2317 2249 10
450 2054 10
1894 600 15
3712 2463 16
3013 2287 16
2341 3901 6
3754 3292 7
971 2156 6
2585 2919 13
2702 201 15
3300 2129 18
1954 3865 11
3642 223 20
319 3988 8
856 3158 11
2505 1848 12
3663 4094 6
1819 3090 8
2644 2647 7
3269 258 16
3552 1305 9
3095 4183 6
3682 3516 14
1804 1300 11
4137 3050 20
2183 614 12
834 1380 13
2709 3594 8
2460 2108 8
3969 2528 18
3779 4163 10
15 1090 7
2653 1215 9
3902 3659 13
2150 44 5
595 1813 13
1635 3242 18
1937 2818 9
1525 1796 5
3236 2038 10
1832 3544 12
3665 2695 7
3120 672 8
4074 3497 5
2331 1636 10
323 3597 7
3294 2592 12
1115 2161 6
2083 2984 15
727 1089 5
3935 150 18
370 730 13
1275 4032 14
2454 1678 6
581 1697 17
4179 530 6
2076 476 5
1670 1432 17
1114 519 20
2841 1366 13
1069 3347 14
2828 2308 5
4103 2883 18
2723 3395 16
3314 585 15
3039 571 20
2703 4092 20
2372 1416 15
3725 3531 5
245 2246 9
3126 4017 19
1631 438 11
1117 4187 17
4071 317 8
1900 3892 13
4079 36 12
3578 899 9
780 3561 8
2268 4041 5
2784 1329 20
2145 3548 13
3815 935 20
518 1640 16
3377 95 18
1869 956 6
686 761 8
851 2153 15
1904 1669 7
3832 417 11
1939 3462 11
1180 3384 8
3809 1452 12
2640 573 17
1704 1735 5
1203 1111 11
1568 2892 11
1303 1133 13
1469 1224 17
3179 1010 18
38 2408 15
2488 1714 20
604 3283 58577
1182 3905 20
3571 444 6
145 498 12
593 613 11
662 401 6
762 1505 20
2445 773 15
2846 3355 8
1707 1700 20
2587 1174 12
3471 3184 13
1498 4042 9
3445 4089 14
2662 2099 7
1005 260 16
4092 609 20
672 2014 20
3737 2735 5
1458 3034 17
3337 3749 20
3057 3800 18
1231 3674 6
477 2007 11
1100 3062 14
546 3480 5
3742 125 14
3704 1621 16
1281 3176 9
2717 2850 6
2634 3648 11
1837 2956 12
1796 1293 5
2696 1935 7
358 4152 9
907 157 18
1674 3574 9
486 1547 16
2010 140 7
945 52 5
23 465 13
914 774 12
2772 3762 20
416 1260 10
3150 1872 13
3639 4016 17
688 1057 9
848 3939 20
177 2963 16
241 3020 13
1934 2921 14
940 599 12
710 975 13
3740 2120 17
1045 3596 16
1016 3509 13
4086 3291 12
1655 2930 14
12 1693 15
269 1983 6
3696 2113 9
2619 3058 7
266 2798 13
2086 3353 10
3106 189 15
3845 3627 18
2579 379 17
4221 1799 11
1063 2026 16
3220 1093 17
578 2082 86181
2378 2619 7
1685 308 19
535 1936 15
605 3182 5
98 1496 18
2764 924 7
775 3077 5
2537 389 9
3954 639 18
579 3248 17
3242 2833 15
668 1729 10
3149 66 6
3497 3643 11
3785 3456 12
2099 2920 20
2781 1162 16
1028 829 6
767 1585 18
2826 1281 14
826 2477 8
1585 2650 14
83 1590 14
3421 103 6
2505 2439 40
3113 703 13
554 2694 10
1987 87 11
3002 667 11
3313 929 20
1001 3250 9
2199 1866 8
1638 1168 18
742 2428 15
1867 1091 5
3192 1715 6
3512 3686 13
2930 162 17
2616 161 14
1120 398 15
3653 53 8
2085 1656 13
4070 1792 11
3128 156 6
3157 523 14
1772 369 17
2072 1114 16
2560 2390 17
1421 3774 17
507 3215 7
2171 649 9
1383 1635 18
3213 2080 13
2296 560 11
3718 701 19
3993 1544 14
754 1753 15
980 2685 5
262 1989 7
667 1778 13
3257 2213 14
1986 2574 15
2109 3408 12
1559 3628 6
2518 3289 8
814 802 15
1593 383 7
1972 1945 11
3566 1190 9
2313 1472 13
4146 3753 17
1557 3173 5
3019 2570 19
2699 2048 20
3341 2541 44
104 2419 6
4210 4216 19
2721 1208 5
1171 3175 11
3630 3239 5
2969 3512 6
4059 907 17
647 575 20
1892 840 16
3738 2982 11
4182 187 20
499 2712 18
256 2166 15
842 37 16
1611 2111 50037
2610 938 10
3558 3986 5
191 3390 18
74 2471 11
1141 3167 19
3614 3704 14
2134 2699 15
2339 1476 15
2680 1064 5
281 2203 14
857 4227 7
1881 1776 11
2250 3656 20
2151 3378 6
3671 546 17
3140 858 16
506 1701 19
2836 3573 11
1508 1078 13
3717 4138 20
2650 1160 17
3225 2890 10
42 2940 10
1988 1732 5
1982 1271 16
2448 729 12
1048 3301 15
3930 1158 6
2742 1287 19
979 2765 9
393 1020 6
2377 883 16
3926 2413 11
3055 2391 18
3846 1538 5
1945 1722 7
4046 2491 14
165 3148 19
3273 1589 12
1873 2303 7
2398 1003 5
1238 3296 8
1753 1205 7
1424 1649 9
3351 3712 6
3484 366 6
3624 3944 6
1920 3031 7
1998 2309 14
1782 1122 20
948 866 18
340 391 6
841 3791 18
858 2653 9
3758 2943 9
3052 1800 10
4218 2011 15
2136 2853 7
990 230 11
2754 3651 10
2531 1873 16
1552 4043 11
2510 1808 13
4169 3698 9
1742 1770 12
3733 3887 15
2521 2897 10
2741 3825 16
2283 412 7
196 2555 15
1564 822 16
2565 1025 14
1039 2543 6
2864 2718 20
1989 1951 11
1733 1358 7
1970 3831 10
392 3453 17
1135 3920 20
1848 896 54908
1693 2662 14
135 1514 16
1301 2615 15
433 3577 11
2779 1375 11
1121 1032 20
2801 3804 11
2318 3984 19
1799 3761 5
3023 504 19
2727 3056 16
411 864 11
277 158 13
3825 404 12
2618 871 14
915 493 11
4009 877 6
3347 170 20
3765 3382 9
792 1332 10
2022 3524 11
3089 266 5
2262 1543 17
2087 709 13
2621 1443 17
2007 2222 14
2282 1561 6
1083 2547 16
1225 4059 14
2872 534 9
2778 1379 13
2340 2193 5
2566 2786 5
2481 3586 14
2922 1178 10
783 2573 5
1473 3955 12
3022 3304 17
1265 3692 5
3107 2825 15
3678 3535 18
1286 1115 20
2581 3665 15
3477 292 7
2979 4128 16
1000 598 18
3569 1331 10
4215 2677 17
2835 3854 9
1764 551 15
3638 3658 8
3654 3367 16
78 2691 17
4188 2877 7
1320 4134 15
1033 1301 16
2107 3162 17
709 1598 19
3511 1837 9
3457 3913 15
661 3284 16
901 1971 14
3644 882 13
3230 1871 9
3885 507 7
2852 918 20
3647 2878 10
1961 2562 13
1623 2854 7
1651 121 5
741 2664 10
2206 3286 16
415 1136 18
4088 919 14
2261 3402 19
1763 1298 19
3067 3366 18
854 3579 20
1932 2512 7
3241 3461 8
1322 3029 15
3886 848 15
1660 2200 5
549 1218 16
791 2272 9
1406 679 20
2407 619 13
2682 1686 17
1270 2460 16
285 2339 14
3619 3919 17
441 1051 20
4066 3455 7
4076 2494 7
3323 1238 7
939 2687 13
2870 2646 5
2118 2906 13
3985 448 7
1826 3759 17
1349 1279 13
2265 3910 7
795 1345 11
2062 3855 17
771 1843 18
1995 1919 12
2722 2267 11
3458 3851 19
650 2794 11
708 1113 18
425 2917 12
2884 1143 20
3999 3209 17
2895 24 8
3490 76 15
293 3863 12
505 1981 8
3728 2896 12
3551 2567 8
2536 376 16
1439 1043 20
2509 3847 8
701 3830 15
2178 1862 7
525 3078 18
2231 4217 7
1260 1851 5
3397 995 8
1382 332 14
725 2468 15
3879 4010 8
3206 1798 7
1887 552 14
1346 163 16
314 335 14
759 2415 17
3041 197 18
2449 3036 17
1212 2954 13
3489 4088 5
2736 3105 9
279 2715 19
353 2980 11
1697 3098 10
2674 3044 6
4026 1968 18
182 641 14
3865 485 6
1997 2537 10
2053 457 6
2071 2147 18
2240 1388 12
2768 368 15
1912 4209 6
1570 2023 5
1201 2674 13
3475 242 16
2105 3330 13
1054 1924 11
2858 4002 12
1315 1877 9
1046 447 10
1331 3473 14
3281 2172 5
466 2945 6
4 2782 14
1859 2145 11
3701 3368 17
1781 4176 17
2586 2548 17
2271 4035 11
1152 659 11
2939 3760 5
2929 751 12
1610 1106 14
1510 1879 7
1955 2983 12
1709 3820 18
194 3565 20
2067 666 20
1996 3589 12
2971 2453 16
106 3006 6
1085 203 9
3694 3680 20
630 3578 5
3453 3488 16
2804 2671 11
3961 2579 15
2312 1583 13
1102 3990 18
3524 965 10
1215 2645 5
4063 1572 16
1946 1638 17
2567 57 15
1450 2932 7
137 2884 20
785 2362 16
2578 2401 11
3688 1853 17
3462 810 5
3145 3475 9
3840 3837 17
1663 3799 10
80 1824 8
3121 3933 12
2018 3073 7
2249 3895 12
1470 39 10
3836 1806 19
2034 494 16
3305 3960 16
356 2137 20
3698 371 11
2902 1973 18
2291 3802 18
1157 1349 20
913 593 10
629 2097 5
2732 2274 13
1836 127 7
1678 3991 9
2452 862 18
3933 2658 12
90 1125 17
2924 370 19
1698 3626 7
2854 4087 11
4157 1809 17
4222 3352 16
278 3795 16
660 1348 14
1061 3278 5
2188 2796 17
2832 1560 17
3147 3021 16
1535 2139 17
471 290 12
1175 3183 17
582 211 6
377 3093 8
128 2150 15
1313 3135 8
2035 1056 10
758 3908 13
580 1121 15
2654 92 20
3522 539 10
4075 997 18
1779 2667 19
766 396 9
24 3495 9
1935 1209 12
2910 3375 17
1369 2948 10
376 1676 18
2410 1318 12
1579 3980 16
2139 1734 16
3536 782 5
1850 3521 5
2408 520 16
2309 451 17
3289 1474 5
4156 2341 14
1143 312 12
3873 1684 17
509 432 32
1308 2973 18
453 3139 10
861 2803 9
420 2223 11
830 2458 6
2606 2417 5
459 421 10
3557 1710 10
3227 1083 17
2048 2634 17
3523 3879 7
4176 1239 5
963 1110 9
2998 3404 5
1243 789 9
1537 3770 17
1854 567 8
1536 425 11
2290 1780 14
1076 2264 5
731 1682 15
740 3238 16
1745 1758 12
4021 1214 18
1689 2610 8
2757 110 18
3987 775 11
3911 1237 12
743 859 12
3705 553 7
3448 344 11
3401 151 5
2954 3341 16
127 3993 6
3144 1390 17
2767 2277 16
641 1875 16
1273 3742 16
1463 1468 9
3412 2881 7
1241 303 9
1844 831 12
1162 3228 13
3168 1868 6
2546 2076 8
1379 903 17
2430 2816 16
3355 137 14
1677 3949 7
1878 3805 14
2388 129 9
1630 3045 17
678 2616 8
574 4194 13
3261 2594 10
3420 2106 16
3585 1653 18
2576 251 16
1962 2073 11
111 279 17
2612 2482 9
2241 758 7
1480 2405 11
2799 1020 17
2926 3075 14
129 2288 7
3866 3701 7
2881 3257 14
1191 3599 19
2691 4064 15
3275 3679 5
2051 2914 10
1159 3841 7
2715 2738 11
3369 1092 15
2428 1599 8
941 3644 14
2126 3213 10
2626 597 8
3264 3593 19
2649 1874 11
3029 4191 6
3439 165 14
305 2834 16
931 2517 8
2853 3159 7
3637 186 6
2306 4131 13
451 1614 9
526 3560 15
3394 3317 16
4055 2256 20
1543 3808 16
2800 3254 7
1592 2531 13
65 1941 5
1445 2227 12
3488 1569 19
519 3540 15
1344 2842 9
3288 478 13
3829 1794 19
2519 1273 15
3025 2602 18
2746 1223 20
2942 538 10
3062 1731 17
1656 2008 20
1818 1084 7
2061 2815 10
1030 2637 18
3612 1963 14
3058 4026 16
39 3476 8
3909 1666 11
1888 2688 13
3425 2046 12
1609 3337 17
1132 1116 8
2334 2102 10
4090 3478 9
2734 3084 11
225 1377 15
1936 2957 13
473 750 9
656 1601 5
2679 2186 18
250 323 12
2157 511 15
1747 3411 10
2731 409 9
619 3262 16
1014 584 9
1263 99 10
680 2628 12
1561 1716 8
1151 3869 18
669 1464 5
3047 214 16
381 3103 20
2976 2841 18
1551 1933 15
3215 3048 15
2706 1784 13
2453 1156 6
4127 3268 14
3760 556 17
216 2040 16
609 3937 20
3710 2939 17
3139 2702 19
3526 4158 6
3210 4219 11
4003 3076 9
1433 2936 13
744 3450 19
2316 1337 19
4051 198 11
3628 3758 10
447 2053 5
207 2217 10
3169 2999 8
2595 2384 10
3378 4150 10
1050 1810 12
1053 1135 16
82 1264 20
2545 3670 17
3727 768 6
2292 2991 9
1732 2900 6
3012 3728 5
3627 2012 9
3876 2331 14
1090 1455 12
3090 1709 9
3418 3964 15
4057 78 10
3915 184 15
4002 406 7
625 2056 19
777 824 10
1087 978 15
1960 687 19
252 3581 11
3111 1169 16
1366 1829 17
3518 1594 11
2323 2131 17
3456 299 7
3892 2852 19
504 3538 5
883 380 19
1324 951 12
2350 1016 14
3454 3921 16
606 1188 13
2332 349 12
3629 3571 9
1371 2127 14
63 1171 8
4186 1744 11
665 2416 5
168 405 14
1098 973 7
1491 2497 14
2535 3218 6
1598 3737 9
3053 3547 8
2912 3507 5
1858 1774 13
3645 3746 17
361 631 6
4212 3460 14
833 2613 6
3525 3604 6
3007 2708 9
3852 351 19
1073 3219 14
1411 2810 19
3844 2162 15
3580 2486 11
553 1789 13
337 4144 17
1187 496 16
183 4076 10
2783 2368 11
208 133 5
4050 2188 10
997 4049 16
4110 4007 18
113 3907 10
1278 2518 15
1870 759 17
2081 700 9
1084 1203 6
1232 3004 9
4019 1199 13
456 2251 12
2517 2351 15
869 3510 10
2173 2473 8
1027 3022 5
1103 2783 14
1902 1706 13
2148 2867 14
3118 4000 16
3801 387 7
46 1801 8
2730 4078 13
95 2275 8
1856 2235 17
2269 3982 11
149 3094 16
1645 3155 10
3399 2682 12
96 4012 5
1426 3752 18
3872 2320 20
1737 222 17
3889 268 14
3343 2207 6
1942 527 13
1618 1736 8
4073 1213 7
1756 353 16
2432 2180 11
3016 1192 5
3967 3721 15
1423 2095 13
1885 487 19
1640 1297 16
313 3501 8
3598 2773 10
3622 2821 17
2647 2348 6
4100 932 11
3899 1148 11
320 884 8
1634 3345 19
1462 1961 20
240 816 10
478 28 18
571 734 17
1067 480 13
280 3288 16
2394 1435 18
1074 1615 13
3711 3926 16
4045 2950 9
223 253 11
1461 3346 17
1099 3617 9
1603 132 16
3753 3416 19
836 3953 19
2738 1497 16
2865 2741 15
1673 1832 17
1020 2134 10
4161 135 8
472 1197 14
1553 718 10
1258 3338 14
3088 4127 9
1981 2347 5
397 1492 6
2938 460 18
159 2507 17
3539 3499 6
1907 1660 15
97 2887 9
1950 4107 19
2750 2787 17
1205 2860 19
2225 1360 16
4163 118 20
1734 1317 9
2315 3552 14
160 3052 15
2457 2899 19
1751 3446 11
3509 492 8
2133 3732 11
1805 4182 19
338 2266 8
2135 1047 10
2766 431 15
2798 3060 8
3513 1530 8
85 2136 6
325 2009 5
1727 2439 18
341 544 8
2311 2927 7
2617 1278 9
1494 1187 19
2419 1852 10
3379 1245 12
1077 3696 9
3502 1335 14
2424 643 7
242 2422 6
1875 34 7
1335 1552 6
3874 2951 18
344 3562 15
1155 1012 9
20 2349 10
2393 796 15
3341 1720 8
2456 3180 20
3906 2306 13
3924 2550 19
3131 3498 6
2573 4071 18
2965 3880 18
797 300 15
954 3211 20
2045 1292 12
3761 4186 19
1719 1646 15
3214 821 12
3353 1795 17
3943 1550 18
3794 4046 6
1190 1065 16
4040 1477 5
2443 3011 19
3850 1270 13
457 1859 9
3949 513 5
3925 2441 8
45 483 20
1003 4105 6
4122 3707 19
1827 2784 17
2185 4207 9
2258 2844 15
1213 247 15
1909 3342 20
4035 3948 14
2871 985 12
2568 2206 18
331 3191 6
2164 4190 9
121 2864 18
2984 1308 20
4208 1668 11
1574 3280 7
2771 525 15
3890 1690 14
1864 1021 16
3729 2561 9
770 3867 13
2426 1284 19
491 488 17
3005 3279 20
750 1564 14
4011 1612 15
1429 2885 8
1218 419 14
1299 677 9
2685 1330 14
3744 3241 13
2106 3057 19
875 2804 11
209 362 17
4041 2832 19
2960 2635 12
2169 2455 12
422 3528 6
1718 1451 17
1311 2785 20
3950 3722 5
3976 2593 11
2058 1009 20
1336 88 16
3159 3001 19
543 233 20
3975 3997 13
1619 1628 20
3339 770 18
185 3861 7
1658 422 14
2402 661 16
1291 3587 5
4036 4166 17
3858 274 10
806 3734 9
539 1899 5
1947 3687 12
4164 2767 16
1800 2642 27
3059 945 13
4081 3208 10
3065 800 7
3235 2278 12
26 316 9
2945 2894 10
2821 606 13
2366 113 19
2596 906 16
2431 4034 18
761 3775 20
1556 3941 20
3868 2623 9
3953 1680 20
1528 2322 20
3136 3485 13
2096 712 18
3826 2761 8
1488 2271 9
4105 3285 10
1699 2511 5
2805 285 19
226 2979 18
3780 73 10
1899 1819 11
1527 70 7
3449 294 8
4091 3539 8
1125 1146 7
1716 762 16
3955 4157 7
3340 2151 13
339 3900 20
4220 563 18
3199 461 15
786 3483 7
864 3447 11
2543 3082 12
3973 524 20
1058 505 8
3750 1410 7
1485 764 17
1700 4111 9
3986 1322 8
3605 3070 13
1149 455 6
2355 809 15
419 2015 7
2142 1276 15
2712 2185 6
1094 3642 10
3429 83 13
2322 2868 18
3752 1067 7
4131 4197 15
1386 3016 5
3923 2633 7
3362 3786 17
490 3806 6
559 4126 5
1185 1275 14
2564 3177 5
432 3465 6
3081 1498 16
996 4065 6
3541 3030 19
288 9 12
1921 784 10
3590 4022 10
753 1105 11
693 8 9
3721 3583 11
1771 3697 18
1041 3580 5
3160 3896 12
652 2345 5
3096 3678 5
2711 2295 16
342 1499 6
3476 3240 10
815 1835 8
3331 4208 11
2012 1895 8
264 1483 12
1622 540 12
3154 2673 8
3520 3857 10
1468 199 20
2992 277 17
3406 1085 20
253 3899 17
88 3640 6
2132 3428 9
3240 3601 20
1319 4072 16
1257 3530 15
3570 1355 20
899 3306 19
1941 2132 14
3345 1748 16
3755 1235 20
1504 2195 16
162 3683 17
973 1387 19
3332 4153 5
3783 2387 17
3916 1454 13
2293 2006 15
2819 1605 12
130 2291 17
412 3819 8
2211 1762 9
2116 86 17
1569 81 9
1591 2805 18
1332 3068 9
1317 1048 17
3517 1035 6
3596 2328 13
1682 2666 19
57 602 6
3877 3891 15
991 1673 14
732 267 14
2009 2627 12
357 4204 5
202 1087 16
855 2304 18
3913 2430 20
2997 1727 15
214 4110 18
2127 3117 16
1374 2042 18
2529 3558 7
1452 11 9
3060 1565 10
3193 1541 19
1802 313 10
2548 221 15
2796 4045 11
633 3101 16
2946 3585 11
2718 788 11
1040 1781 16
1160 454 14
1765 3200 5
4062 2737 14
1599 1797 16
3575 2675 6
3692 3161 16
1829 2977 15
3478 2450 5
4187 2922 11
2300 1180 15
590 2970 19
1235 662 16
577 2513 14
2780 1644 15
2633 4063 15
4068 3798 6
4052 2182 16
4177 3400 12
3620 1588 8
236 12 16
1318 68 5
829 930 10
4134 2597 12
2216 354 10
2192 736 5
3371 1191 20
3467 282 13
1790 510 10
4195 2875 14
550 735 16
154 2830 6
4054 830 15
1364 559 5
738 1978 18
3904 136 6
1728 4167 14
1170 3214 9
2390 439 7
398 2904 16
1252 3359 18
369 2582 18
2991 2412 12
2435 2779 8
1096 2775 12
2465 3897 17
3442 1855 12
2117 1768 10
3470 2327 17
3226 67 19
4024 607 11
1314 1481 15
3433 2379 8
3291 625 8
2892 4206 15
458 1440 7
2752 1356 8
3796 475 6
1376 2813 20
2375 3807 11
1683 646 12
156 1131 6
1773 2253 5
4120 2103 20
1026 1865 14
3191 2946 20
3847 1036 12
3204 2898 16
2195 2802 8
2001 3107 20
695 271 8
2840 1786 18
3415 3109 18
3867 947 14
3474 2806 6
2492 634 15
1925 3695 12
3263 664 13
1208 2557 11
3409 1860 6
3531 1519 13
3066 119 7
602 1779 15
2882 1326 16
3708 1767 12
1306 2778 5
1128 1467 9
3156 1886 9
4056 1409 11
3148 983 13
275 2457 5
556 685 10
3446 2622 19
4001 1240 13
152 867 19
4166 1196 5
2159 3142 10
1481 2560 5
3660 1290 13
3440 1006 8
3298 1418 16
2600 2709 16
1991 1200 5
3500 2212 19
3021 623 5
3079 2788 18
863 2625 17
4037 263 18
4165 1765 14
3615 3264 9
3356 630 14
3921 1938 10
1359 1500 14
3413 64 17
1739 3610 14
444 3500 8
3365 4112 11
1398 239 19
2020 776 20
1722 974 14
2031 3763 18
260 3032 6
1034 3271 12
2975 2478 13
3685 1216 5
804 3703 20
2594 892 5
2648 856 10
4203 1742 17
677 3828 16
3366 3377 10
501 920 12
1396 3207 18
1293 445 18
3237 1177 14
2000 1487 10
3888 1415 11
4117 4211 17
3228 2552 19
50 261 7
3473 1470 18
3390 2122 5
898 1350 6
3716 3639 18
2994 2498 17
231 3012 12
192 1398 17
195 2334 14
1497 629 11
3860 2496 6
2365 555 17
3172 1028 14
3485 827 5
2471 981 10
1586 2238 9
1193 3748 7
3098 2394 17
2678 131 10
1963 442 9
1726 216 5
2561 1991 17
1924 1354 20
1199 1962 11
1590 531 20
1272 310 11
6 231 5
25 2581 19
494 1053 7
2016 3282 12
2512 3883 10
489 746 9
2896 84 9
3657 2451 5
2176 2888 16
3857 3017 17
44 4154 17
2144 3137 19
2993 2848 19
721 2801 19
3715 213 13
2239 826 17
2637 3631 18
3535 1389 7
1993 3466 12
870 3333 8
310 3720 18
2415 3464 7
3358 1811 13
2413 3672 7
2848 3132 12
1831 143 18
166 692 16
3770 3151 13
153 2681 9
2559 3882 17
2466 296 12
1035 648 11
2038 1060 11
77 3047 8
2097 1494 5
2880 2516 17
2630 2819 18
3748 2115 16
3414 3520 13
687 3942 6
172 2365 16
1522 330 7
821 204 5
3527 3973 15
3713 528 16
3673 2630 10
2950 1471 8
966 1005 7
3528 1243 5
365 2538 13
2803 1524 13
2330 696 18
3499 536 14
1158 375 6
3544 2549 11
1883 1844 17
3034 682 17
2373 1461 20
1002 3519 13
3834 1152 14
881 529 10
3664 1904 18
1230 3777 15
3105 2104 7
763 3071 11
2996 2693 7
2758 1928 13
1983 3741 16
1926 1049 8
1866 837 15
813 1081 13
184 1126 5
921 2149 17
2002 1459 11
1589 105 19
1555 781 10
3163 254 20
3391 423 8
470 3293 6
3222 911 11
261 93 10
2337 4023 10
2790 916 16
1267 1285 8
3325 443 6
4015 2218 5
1843 71 16
227 632 15
1360 3080 7
923 289 18
1724 823 14
1567 1893 16
332 4165 14
3248 49 17
1434 783 6
3643 1582 19
1813 763 7
2759 804 11
3006 426 20
3042 3636 18
1626 835 6
2284 3803 14
386 1420 12
1373 921 9
1266 1167 10
1768 3141 5
2972 2028 18
1511 3684 16
297 3441 8
2092 3433 6
1436 680 7
157 2464 19
2584 1506 15
1123 1142 18
3243 3559 7
34 2576 9
2614 3612 15
4113 272 19
1614 2928 15
4095 3040 8
2635 3952 10
249 3946 8
2552 2545 19
43 2143 7
2477 3534 5
271 1450 17
1161 1679 7
1261 3445 14
4139 3790 8
1410 670 9
3702 173 5
2739 218 7
2335 2937 8
1738 2719 9
800 1225 6
846 928 13
1793 3423 18
76 949 16
3672 2146 12
1890 2748 17
2344 2826 14
3146 2234 18
2008 3868 12
4152 4008 15
2793 4189 14
1905 1495 8
4168 3371 18
1289 1109 16
2963 3978 16
3818 200 18
1978 437 8
1222 2492 20
3153 3261 6
545 754 20
2744 3928 14
1229 202 20
3928 1749 16
958 886 6
2166 2350 12
3781 1747 13
820 3662 7
1518 1617 7
2163 1883 13
289 2774 12
3805 2611 14
903 1574 20
455 2167 12
1234 3494 6
572 2344 12
3375 1867 12
1106 1462 12
910 160 19
591 2314 7
621 2985 15
234 3614 12
3903 472 16
3295 1536 16
3907 3372 10
828 4221 16
2748 3646 13
4230 4070 15
885 1702 11
1153 4067 12
1217 2241 15
2591 333 6
1056 1417 16
503 812 13
1037 1683 20
1454 3363 8
612 3796 14
351 1587 19
142 4056 8
617 717 7
3655 838 20
3683 3164 13
3659 849 16
2810 1268 9
1139 3130 15
674 1426 17
3519 228 12
2886 2997 11
2305 3772 13
3530 2456 11
2094 3195 12
4204 611 8
1432 2889 20
3044 2157 5
512 1259 10
292 3099 11
2266 3468 20
3803 3274 12
3824 2462 8
2785 2475 5
2516 1549 7
515 1001 17
235 2644 15
2416 2522 9
1059 3199 8
2208 542 11
1666 3344 12
2154 1272 11
3942 3178 12
2932 719 17
1486 1096 16
91 742 17
2354 4077 18
1060 1013 18
4173 3902 6
1776 3723 17
1207 3157 16
2310 3764 12
434 1959 8
364 515 18
772 3429 17
569 1639 18
508 1915 17
366 2974 17
7 2022 17
3521 291 16
1150 1107 19
1560 1414 5
2198 1738 19
3798 674 18
2236 3383 14
3864 3469 11
2524 2953 13
1347 3792 6
4013 2005 10
1521 3839 12
3549 595 7
3970 1858 13
3132 3821 15
3506 1210 14
3330 4142 19
563 3014 20
566 1312 6
2181 642 18
2172 3203 13
1178 4033 9
2084 3470 19
926 385 9
1985 30 12
3334 3369 20
1703 1102 17
631 3999 8
3216 857 10
1577 2333 14
3436 647 16
334 2909 18
4226 2668 6
3430 2311 17
2855 1153 20
1757 3667 18
1775 702 6
81 3961 7
895 807 14
2184 341 6
2588 1861 17
3791 1429 20
2455 3724 11
613 3339 16
2073 2586 16
2970 2072 12
2893 957 14
835 1445 9
3881 1830 15
3666 3822 12
1245 2357 20
3759 1591 20
1097 2479 8
2683 686 7
2333 264 11
2547 3568 19
1550 1491 9
3028 3811 15
3756 1165 11
616 1807 6
2533 2443 8
3076 2746 9
1244 814 15
1365 123 6
2423 4164 5
3491 2544 12
527 1397 11
520 1400 7
4077 1737 15
1767 1940 16
404 2310 17
1095 2976 9
1908 314 20
119 3925 7
3217 2872 18
2964 1222 18
1220 1532 7
909 1411 7
4049 2359 8
3346 2170 16
2468 3064 6
4191 909 12
3971 3311 19
306 3467 12
1720 3691 15
1741 875 6
204 2861 12
3335 1878 8
3233 4177 10
3871 3327 8
222 1045 13
723 3128 6
3386 4 5
2115 1463 8
3767 2236 17
1328 102 16
2063 3085 13
2622 3331 18
2740 3089 5
299 154 9
2802 3966 12
3232 2250 19
4072 209 19
1811 2470 18
1845 1027 13
3587 2660 12
270 731 12
886 581 20
1057 2336 14
2820 3918 20
3507 1821 20
367 1103 17
3762 2321 9
3276 1266 18
1017 4050 13
807 628 8
801 424 5
3623 2915 7
4058 3875 14
1062 2232 7
2299 3325 7
3031 1953 7
2397 3526 7
1842 138 18
4174 3794 6
1876 3572 18
3032 3963 13
3977 3010 17
790 2070 17
4039 3169 10
3689 3409 20
1298 2558 18
2190 2436 17
2371 2925 13
522 397 20
2482 147 16
1576 1757 10
1862 2286 18
136 745 20
3472 3743 16
4224 4097 16
2867 3848 19
3542 1907 6
1479 3853 13
2131 1457 13
2728 2406 15
1392 852 15
2907 1623 12
1644 2902 12
3554 208 20
2625 2100 18
627 1885 15
998 108 9
2370 124 19
1326 450 7
2605 193 20
1943 3225 19
123 1888 7
28 265 11
1211 130 20
2093 3374 15
4005 2807 9
2933 3876 13
3141 2411 18
2336 466 18
2987 1856 19
1784 747 15
657 1320 15
1774 2882 13
622 2144 14
4064 2546 8
3568 1363 17
2263 3582 7
3428 4213 17
3455 2838 19
4010 2107 7
3000 15 6
4047 408 20
1639 2071 16
4060 3417 12
3283 2655 19
2668 2585 19
3853 3923 6
1009 3935 5
2013 2465 17
394 1613 14
2077 3298 8
694 320 13
2328 1166 16
2374 1359 8
1736 43 6
2437 2836 6
2276 3549 13
3438 1347 13
1431 1864 11
41 3481 16
255 1995 6
3094 790 18
302 2696 10
387 986 5
3586 4061 14
3766 608 16
3271 2173 18
3085 89 11
3574 3204 15
1929 3356 12
1672 1437 12
2686 4210 17
4223 1788 8
383 1014 7
424 2055 16
463 961 16
3207 766 12
3927 2697 17
3749 410 20
4008 3401 7
146 79 15
3608 960 17
984 2358 13
2506 569 16
601 205 7
4038 3751 10
402 2440 5
187 3816 15
2869 2259 12
1367 1232 7
3278 2941 18
3878 3716 18
2368 109 6
2911 1427 17
3669 3133 19
4216 3266 6
3274 3226 19
4225 3911 19
480 601 16
715 1202 9
3138 486 20
847 2373 15
3687 3263 11
3161 887 8
2155 29 12
850 2209 13
3247 3308 13
620 306 8
3043 4113 18
3190 1578 17
1853 3637 13
3123 2421 9
3402 1407 12
3336 3969 14
301 1094 20
2940 1157 18
2809 1475 20
1304 3884 8
1675 1634 12
1134 1088 5
573 104 16
3670 2608 17
1435 1947 17
3540 2319 13
565 2265 18
2325 1602 13
1653 2722 7
2464 3088 11
1407 355 7
2174 3420 8
3001 3987 9
655 2342 17
632 257 17
2475 3436 12
2555 2540 5
548 1626 11
1012 616 17
623 624 8
443 676 9
2113 435 5
1112 1783 13
2004 1234 8
56 969 6
564 4009 16
3862 2918 10
3563 1609 18
4160 2880 15
1414 3590 15
2047 3066 18
2868 1176 9
1807 20 19
452 1071 14
776 2536 17
3024 3275 19
752 2191 13
3407 2240 15
3245 3655 18
4197 47 5
2995 3836 10
3383 2231 9
1118 4160 15
2628 4121 19
3597 3231 10
1025 1579 19
2472 3995 5
3822 2733 12
2921 3784 18
3084 1294 14
3256 3971 12
3167 3860 12
2079 4200 18
2279 2469 15
2639 688 5
290 2269 17
1109 38 19
2513 2121 8
498 50 17
3221 80 11
1583 2524 8
464 3397 18
4023 4220 6
3408 3360 13
1725 2119 12
929 819 13
2187 2118 11
2664 3329 11
4138 4104 20
1999 568 10
2669 3733 18
3593 2959 15
937 237 19
3327 977 19
1013 1086 11
148 3783 10
308 2506 20
1671 107 7
739 2541 7
2357 3776 13
2202 1323 17
3267 711 8
3099 229 19
2412 2483 5
1822 621 8
1343 1548 17
3908 3295 15
2386 1884 5
1296 689 15
3229 2845 10
2520 18 14
446 1817 14
3384 3399 5
2483 3554 6
2403 1230 17
1714 943 18
975 1964 17
4115 2563 16
3114 241 13
729 1112 11
1896 2378 6
1075 3380 11
2057 1254 12
1006 738 5
3423 795 14
558 117 19
827 3622 10
1223 2849 16
3945 3912 12
1196 350 8
144 1097 10
2981 3477 19
4080 2307 11
2959 3834 13
349 4143 20
493 798 18
1495 3053 19
2401 721 19
2160 1624 12
2557 3123 5
1687 2069 16
773 3661 19
1325 2065 9
1748 2094 10
2590 1233 13
2756 2947 14
3417 2346 5
1475 2032 17
179 2817 17
1761 1791 14
957 1128 5
2602 2176 19
3880 939 13
2451 3335 15
2207 2618 10
2405 554 12
905 3009 12
3707 2332 13
840 1207 18
2690 1283 17
449 927 18
4089 491 6
1227 1473 19
4084 3294 12
2765 3664 9
3723 384 10
3422 2609 15
1400 1314 10
2247 2290 16
140 4137 19
645 818 10
2342 1943 20
1705 1231 11
1823 1930 6
3255 2183 18
3164 4147 17
1615 3974 11
1255 3387 11
2006 1344 7
2227 4027 14
2046 1743 17
3793 1100 5
837 2770 8
3344 757 9
16 2588 18
205 2431 8
951 952 5
3338 2994 10
224 2620 8
1156 522 11
3251 2949 17
3360 3603 17
2138 1815 19
492 2847 11
3810 2649 15
2681 1164 19
3533 562 6
1329 1217 10
2348 3358 6
13 1586 11
2272 2338 11
922 733 18
134 3618 6
978 3449 6
889 1421 14
1957 1804 5
2812 780 19
238 2425 16
3493 1413 10
4136 2447 16
3560 3055 9
932 636 14
871 1221 6
1384 1201 14
1503 82 18
1558 3063 12
933 2163 9
3285 2793 20
3400 402 6
120 4130 18
14 1537 9
737 2364 14
324 633 18
1197 739 5
716 1967 13
61 2010 8
309 3706 19
1777 2381 14
938 3938 11
3693 532 12
1395 1632 14
1971 4129 16
1309 2865 78590
2815 3418 18
2238 2066 5
1188 1974 16
3487 1997 20
3835 42 12
1448 1453 7
3964 340 15
1533 2840 8
2860 1255 11
3385 526 18
2450 4120 15
2042 908 17
4111 3270 7
3503 321 10
3936 1501 9
3861 400 13
3851 1567 9
692 2418 20
3382 579 8
2656 4098 11
1405 1703 16
2411 2607 5
1604 2822 7
717 594 9
628 3843 10
2382 502 5
318 45 10
2797 1367 18
600 2828 7
3559 301 16
610 4040 7
3187 1759 8
3097 2966 13
769 724 18
1500 2731 7
1855 3111 8
2607 2846 12
1812 2177 6
4193 392 13
410 1080 6
510 955 16
2285 3181 9
2795 3343 15
1785 2811 16
2672 2083 18
540 393 19
2762 4171 11
2254 3542 6
178 1596 11
1363 3061 20
1131 2224 5
1105 3503 13
4178 176 10
2808 2584 82942
1210 1942 14
1419 2058 13
3480 4055 13
167 1661 12
2182 869 16
1259 3413 18
69 3649 14
2080 1979 10
3823 1551 20
636 1033 20
3388 549 10
3606 2686 13
1092 16 11
1323 35 18
1403 2031 12
562 2814 11
2103 2955 11
1526 3592 8
4130 3168 16
2906 805 15
1233 3576 5
212 3316 7
1840 591 15
2137 2526 11
1580 2989 6
2708 1902 20
557 874 19
3995 1724 20
3992 2273 12
3223 191 11
3299 3513 8
529 245 18
2259 1066 7
3529 1540 16
4107 3398 13
3610 4140 19
2861 126 7
1228 33 13
1081 2903 13
3318 3305 12
1711 1295 18
3811 1108 12
2101 786 18
1735 3379 10
2069 1504 20
3962 2987 13
3668 1442 11
3290 3633 15
437 1954 12
3376 1484 12
3404 2606 16
3352 462 5
2558 3657 19
1387 479 10
4150 1381 17
161 509 13
1977 1150 11
2217 4101 12
936 926 8
3387 3717 9
1695 1307 9
4132 1175 8
2534 411 5
3984 2952 20
3650 19 17
2418 1072 11
4097 989 19
531 1059 18
942 1039 19
1513 2792 9
511 1236 9
1549 4075 16
439 1764 19
1647 2893 20
2787 3437 10
246 2018 17
1147 3690 14
671 3430 9
1554 1934 16
2953 1980 20
4031 4095 17
4180 941 9
1706 2809 16
1327 2184 10
4016 793 5
944 1515 8
423 878 12
1721 942 14
1370 1772 14
2935 999 7
1872 414 8
4201 3210 20
3212 1364 7
3732 2800 7
40 1173 15
382 3967 5
2511 155 8
359 1327 16
1416 3563 20
859 3124 16
87 1608 8
3595 1827 9
373 2039 14
509 1918 18
251 2617 14
1206 851 15
1544 1920 12
1385 3253 16
2890 2907 8
2887 2077 12
1 2399 16
1948 794 18
126 3975 5
1071 3675 17
878 665 14
3807 1401 11
3994 4223 10
3054 1754 10
1581 3083 10
100 4232 16
2491 3729 16
4147 3858 11
865 2377 15
190 4068 8
706 3976 19
1505 1698 16
3948 2776 14
1496 2016 10
2024 545 17
1116 495 11
1519 2403 13
2011 2886 13
2651 561 10
2913 879 14
2755 3426 17
2314 808 12
3751 166 13
3115 3421 10
726 979 11
969 933 11
1065 2961 5
4114 2061 11
462 2998 20
3813 1555 12
2082 1771 14
229 4133 17
4096 3302 11
2114 3189 17
643 2583 7
615 3685 11
4104 2521 19
2769 3223 6
1788 115 12
4000 1718 9
1760 3018 19
122 3003 20
2806 250 15
3122 3125 6
2889 2382 15
3184 3491 18
4004 753 6
2499 1662 5
2825 587 7
2508 958 12
221 334 6
3155 2260 16
2894 3419 74009
1828 3566 13
2392 658 20
1723 1095 6
3601 1074 20
3460 2214 8
2108 2523 15
3804 2030 20
2039 4146 14
3329 1944 9
1456 2396 19
93 2480 19
3830 3773 17
3312 2228 5
4170 2174 19
3997 430 15
1219 1976 15
30 2542 7
4155 2202 15
2064 971 10
2044 2862 20
372 2371 10
1417 3072 8
561 255 8
930 707 11
3959 3186 10
3188 2252 5
989 976 20
935 322 12
1108 2315 12
107 2716 11
3768 1900 18
1930 1430 10
4116 276 18
1482 2196 13
1264 97 18
844 803 15
1893 2389 7
295 441 10
1249 2726 8
3952 2632 18
1530 1728 19
2288 1903 20
485 3472 5
803 3334 5
1292 3606 5
1194 2130 8
2260 2101 14
3297 3823 13
407 269 7
2866 3616 17
4140 4021 10
2705 1960 9
853 3102 19
1968 1525 7
3504 596 14
143 3922 18
1588 270 17
115 232 5
2003 3457 9
1022 872 6
469 1334 17
3730 1339 15
3133 1368 12
3652 4199 16
1404 3569 13
995 3258 18
2156 3832 19
1204 1485 16
3589 893 16
3686 3817 5
3797 2701 20
1969 1338 13
3856 3269 13
2936 159 16
2948 2340 9
2582 1603 8
48 1526 12
3116 847 11
2019 2972 14
3505 756 14
117 799 8
11 3265 5
2066 2636 6
1492 325 11
3286 3185 10
3373 3708 11
1795 4132 20
1571 1448 5
2055 1766 9
2707 1812 6
1200 359 9
2234 1836 7
3777 2742 13
3038 1745 18
131 2812 17
1641 347 10
374 3824 10
3772 1030 7
1288 860 7
917 1663 14
1708 1434 14
2873 589 8
2110 2142 17
2962 4062 7
778 1618 19
1863 2270 8
2033 3299 9
1455 3134 7
346 2679 7
3036 3985 5
254 3236 12
1029 3710 18
2613 1775 8
3543 2837 8
348 2975 9
3734 1456 17
2320 3950 16
624 363 16
2966 1256 10
1659 2535 5
552 1503 7
428 1263 5
2927 3872 18
440 2705 5
2458 2690 19
1951 2280 13
4118 179 5
1979 732 12
3944 669 5
1664 2508 13
1691 3190 13
9 2871 12
2278 3550 13
1766 2233 6
702 2771 7
421 1692 5
3051 1741 5
141 2372 5
2667 399 16
3795 3205 17
2540 4099 12
2909 342 12
2246 1894 10
352 3726 16
961 2656 8
2470 210 15
2829 1713 7
3279 912 18
3859 841 6
635 381 5
3675 691 20
1849 2160 5
2563 3506 6
1806 3654 18
3437 2050 12
8 1424 8
3960 1949 17
3603 1247 13
981 3543 18
2665 1439 12
642 1376 6
4154 1478 5
2611 2595 17
3684 2033 6
1515 946 16
748 1425 13
29 1993 9
3516 3326 16
707 3255 17
2844 1172 19
1305 500 5
2319 2138 20
2877 386 19
896 2598 14
2944 3276 13
2967 2025 9
560 3297 5
658 2639 17
760 3163 5
3125 4024 9
2387 394 18
1051 1299 6
1755 944 10
2838 106 7
1597 3625 9
2289 1965 7
3071 3110 14
2346 3432 20
3588 3787 18
1953 468 17
3646 3290 6
170 2530 19
3821 3890 14
3178 1620 6
4033 2744 10
438 1145 12
4227 714 5
4148 1370 20
2224 2352 7
2673 959 8
2120 324 15
988 1076 12
1814 2353 14
475 297 11
1381 3260 16
784 2354 19
1181 654 6
925 1972 6
406 3320 5
547 1559 14
2362 145 10
1195 41 10
1283 3442 14
2486 2823 9
3370 3357 6
3937 3171 7
3714 2051 14
1913 1840 5
585 1838 8
2078 4069 9
1064 1296 20
2277 3136 12
4217 1970 18
1412 2654 17
2446 1752 17
3773 901 9
1124 2643 8
644 4193 8
1004 640 10
3186 2135 7
2503 436 17
1990 1154 19
2242 2397 13
3479 2169 17
608 3888 17
2439 3998 13
2542 660 14
4087 1412 7
3189 2672 8
1654 779 20
1353 3405 8
2089 3122 19
1506 842 18
607 2495 16
1676 2863 14
2874 1892 14
1608 2020 12
1202 3025 11
427 1898 17
322 2857 15
1529 1184 11
2572 3042 13
3303 4135 9
2943 2509 17
481 668 17
1916 580 5
1408 4125 14
3277 2967 15
3410 1219 11
2209 791 7
2485 446 17
1539 2969 14
722 1493 18
3917 2133 12
2623 1950 10
18 3936 8
2724 1625 13
1136 1149 18
3063 1068 20
1791 3756 5
1688 3778 19
33 3929 14
2847 697 6
199 574 16
3416 1566 10
3309 2049 5
994 2035 6
2327 4222 6
3855 3635 18
3185 1343 10
300 1258 6
312 367 14
4141 698 15
1010 331 5
703 501 6
3018 3556 16
2427 3709 13
3162 3149 11
787 2117 20
2714 3340 10
764 704 5
3049 1545 8
1563 148 8
3492 3143 17
2571 2533 20
1889 3647 5
201 1619 15
1984 3845 10
1144 56 13
3319 3968 10
2359 3160 9
1710 3196 7
2212 3623 13
2 1576 14
3211 77 8
713 1098 9
2237 111 18
1163 2739 9
230 6 12
3788 2242 11
327 262 18
2091 1353 15
755 550 6
919 226 15
3219 196 16
1928 3810 10
1826 4216 44
3268 1998 15
3898 3757 5
1976 481 18
2494 2385 11
1778 744 13
1933 2874 9
1532 3557 18
1628 2829 17
2849 1242 15
496 388 8
3633 1822 16
2603 1282 18
567 1244 10
3177 2459 16
4124 3551 7
3736 3718 5
1917 2292 15
2827 817 8
1356 1816 8
2580 1580 19
1914 2045 20
2850 2064 18
4213 1987 12
1179 2293 15
1312 1665 20
3635 3007 6
4153 181 12
1066 470 18
1209 3584 13
3045 346 12
719 3002 5
860 1863 13
3641 1977 8
2070 2808 14
3494 1610 14
2027 1050 5
2032 1183 5
1262 3508 5
2638 3065 19
646 2318 11
3775 638 11
663 2190 11
3564 1740 8
36 1739 17
1620 1321 7
2916 2282 20
866 3541 10
3546 1325 19
1509 227 16
2553 1606 13
1715 715 6
1330 3451 19
576 3965 10
2438 1241 12
2615 3767 17
3745 3000 13
2761 3252 11
2090 1854 12
2165 474 11
3918 4066 5
1082 1655 19
718 934 5
3317 172 20
3782 4025 18
2030 256 11
2514 1227 19
2760 1433 20
1031 3904 19
3978 2225 6
1338 238 20
1126 3361 12
1903 2221 18
3363 4218 10
1595 3350 20
198 767 7
2005 2908 5
1164 1041 11
3182 1466 13
992 4083 20
2389 3197 13
2856 2525 15
3843 2219 6
2376 1593 20
533 870 20
1047 3943 12
3434 3281 13
906 3846 17
3037 2199 8
284 3771 15
378 2449 7
211 180 9
1393 2158 9
3450 484 9
2807 456 9
2845 3165 11
712 4014 11
213 963 15
902 2305 15
4044 2296 9
2324 3051 5
3173 1956 12
993 225 18
1394 149 20
824 298 13
3674 2090 8
371 1069 12
114 1630 20
2294 1104 6
2528 4090 20
4028 913 15
1789 2370 7
1070 144 13
1042 2580 13
1372 3138 19
1290 3120 12
3092 2578 13
877 3235 6
286 1869 17
3939 1502 20
2017 1431 5
4065 22 8
1817 339 19
799 2029 15
188 2335 5
956 752 17
2391 3354 12
1269 2229 5
3792 3247 19
1183 728 14
2961 288 20
2399 10 20
3195 517 15
2958 2060 17
3328 3744 20
541 4214 7
4119 937 5
542 2175 17
1922 2258 11
2816 1516 13
2857 3801 17
2100 358 12
1399 970 5
1531 1711 14
431 508 19
1172 2488 19
3135 2041 10
1877 3474 11
2177 2706 5
2982 1011 7
3968 2926 20
2128 192 18
3776 1438 14
3990 1374 6
401 1444 5
2859 3731 16
1821 3641 19
4135 2995 17
2361 1446 5
3010 2283 12
2990 787 6
1642 2052 12
1636 900 20
4102 1969 12
3699 4082 16
1430 4196 6
2043 4053 6
2539 2532 14
272 3835 17
1310 2124 14
592 769 9
2917 1857 13
4205 651 15
1380 2824 16
1546 4230 6
2351 2753 20
751 1931 17
2028 3504 18
2549 1324 13
3142 684 13
4030 407 18
2700 4003 9
1297 1677 16
3496 2600 5
1294 1447 16
1146 432 12
3495 2093 12
1898 3688 16
4143 1553 5
3143 3545 15
2899 3840 13
2303 85 9
2562 1378 10
268 1522 9
4085 3931 8
2931 1141 19
3676 4231 15
1915 2420 10
904 2037 9
354 2515 7
138 3394 14
2629 4048 9
3020 134 17
3321 3620 11
1794 4118 8
3117 3115 17
1871 3479 17
3656 2128 7
442 2433 7
2037 681 6
4129 2962 8
73 1760 13
3441 2916 5
3963 3454 19
967 1901 12
345 2086 15
257 2019 17
3550 2590 9
3 1062 20
2500 4170 10
3808 1229 12
3218 873 17
2298 1985 12
634 1664 11
2697 2572 14
47 2670 18
521 2938 18
4083 2476 16
666 2171 17
805 1658 16
2773 326 7
2065 1990 10
2502 3515 19
2215 295 14
4162 1696 10
1091 1163 17
215 2481 11
3883 2669 5
3680 1982 10
64 3527 14
259 4226 13
3280 1019 20
3127 1689 6
987 3621 5
1127 1828 14
2951 1018 20
2068 3977 11
1684 3934 13
1321 2068 10
916 1179 14
927 3769 8
311 2756 19
283 3740 6
1216 1026 18
3103 4169 17
972 4085 8
3050 3272 15
3104 1396 10
2021 377 18
1487 2257 14
583 2960 20
2794 3427 20
2469 3039 17
568 1761 13
502 1384 11
3731 2363 10
1186 4100 7
102 1846 12
639 657 19
3957 2276 17
3296 2152 9
2345 1927 12
2304 3249 20
1418 1648 16
1879 2178 14
326 1037 11
3938 4116 18
614 3081 19
2692 1246 18
1857 1687 5
3719 2559 18
1861 2641 14
887 3227 5
60 1403 11
999 63 6
2414 2210 15
810 1073 19
1465 2400 6
911 2380 9
1350 338 16
3790 1291 14
303 3221 14
953 1523 11
3368 1480 8
3447 2757 16
985 3 6
2609 418 18
2168 3391 5
2226 891 19
4202 1705 17
3667 2043 8
2095 3700 13
103 122 11
3709 3591 7
514 2758 9
1874 1373 7
206 3425 9
3003 4037 13
1923 3570 6
3200 1077 10
3565 2751 17
2658 1490 15
2569 3699 13
900 3024 11
589 1249 18
1032 1181 10
3778 3827 15
3308 1984 15
3515 4201 8
3074 3893 5
3459 1402 11
17 1531 17
482 1423 14
3260 1592 13
3389 3091 16
1068 3041 18
3072 378 5
3209 329 16
3882 311 20
1390 1556 13
1254 652 12
2321 1119 11
1165 2329 13
2583 1392 15
2162 1333 19
1007 1876 8
1242 1914 16
782 604 20
2369 2123 9
2497 514 16
2575 2112 11
174 3217 17
1080 3220 12
651 3170 7
1906 881 17
1189 2366 18
1142 2790 7
3119 1616 7
1746 1159 15
2788 2781 5
2404 2910 13
1816 1521 18
513 2067 18
673 815 14
2883 2749 13
2112 3222 11
1043 3959 18
4196 2084 13
3137 3224 12
3982 3719 18
2980 968 15
2687 2740 11
3015 3246 20
2026 3889 14
169 190 10
4206 101 17
3252 716 8
3786 2827 8
10 4225 6
2301 58 20
982 3532 12
570 4195 19
1542 2088 8
3109 1539 17
696 2324 17
1474 922 20
3931 904 18
3839 2905 7
2356 1369 16
3461 1674 5
4012 3870 10
597 923 11
3895 3126 6
4159 489 16
2214 365 9
2837 1905 5
1239 3856 13
2025 1831 7
3398 3536 15
2923 1510 15
3848 1204 11
2918 637 8
2353 1315 9
1015 2201 7
1992 3312 18
2229 1257 18
362 1127 20
2947 1509 13
139 2797 7
2813 2766 7
68 2505 15
4099 2720 16
2646 464 9
2985 4079 11
1730 2205 19
2098 1385 20
2257 4175 9
3965 980 16
1541 861 19
3591 2317 5
3988 96 19
3649 3489 17
3764 2866 20
3171 3452 10
414 1460 13
3941 1554 13
1573 2024 16
2467 1975 11
1447 2990 15
1352 1833 8
2060 3121 19
1667 1058 7
217 3624 12
3124 327 19
3547 994 19
315 4051 14
4017 2689 14
793 2661 5
2833 1220 8
822 1289 17
736 2614 8
3359 898 10
2811 1082 7
1072 4005 15
2657 3410 7
1044 1151 6
3576 2923 6
4094 1383 20
4231 212 8
2444 987 10
4007 2044 9
2140 612 8
3254 1120 13
1910 3216 10
1956 2281 17
1129 3676 11
551 3715 17
1224 302 15
2205 4205 19
330 3059 9
1860 3348 8
1895 2869 6
705 2978 14
538 2964 5
1713 2638 11
1534 895 20
3444 307 16
2593 1986 6
329 2047 19
296 984 18
3741 3588 14
189 917 18
2937 1371 14
2194 2843 13
1499 765 9
1295 318 5
2710 2678 14
2385 3156 16
3869 683 6
426 2036 15
1276 1647 18
947 236 18
1731 1508 14
1808 2762 20
1428 2337 11
1247 1604 18
101 3826 15
2843 1008 11
3483 2529 18
1729 4156 9
3631 1004 15
4211 3322 6
3262 51 10
67 1511 9
1413 2981 19
3662 427 13
2434 2409 9
2280 3809 5
3284 2298 11
2719 3595 18
1686 2096 7
363 2676 7
396 60 17
2123 4122 15
1157 2369 40
1835 26 8
1279 319 13
3833 2159 8
3392 1346 15
4190 1486 17
2538 1897 17
3887 3104 10
488 2063 7
1093 1055 9
2232 1880 12
3600 548 18
3077 2743 14
21 3694 7
2814 3842 5
112 1850 9
2248 2489 8
4219 2504 11
1701 832 10
1846 1805 15
3583 3233 12
876 3092 7
110 1756 10
2441 3144 17
2056 2268 17
3258 3496 20
2329 1052 13
2550 1040 18
2474 4019 8
1825 3725 9
699 1311 8
1174 1966 13
1478 3027 8
274 4054 15
1173 990 8
2523 1288 7
891 3106 19
2789 3738 7
599 1099 7
809 2466 18
3311 988 18
2302 993 11
1341 713 7
2102 3611 11
3720 1909 6
3891 1946 14
413 1841 15
1078 352 5
487 55 19
2551 3668 11
1130 3972 15
1810 1250 6
1018 2081 6
3842 3412 11
1467 888 17
3831 644 11
176 2326 20
3691 737 10
2489 2189 19
4209 1699 9
3996 1517 13
1847 2429 12
304 890 5
3553 777 18
1148 1803 6
1362 2931 5
2988 3747 16
2577 868 8
2054 1394 10
874 1513 15
517 2859 13
3905 1428 15
1643 2510 15
2599 1248 5
3270 1611 10
714 1436 8
3577 2360 11
4158 1642 17
3272 3653 14
684 760 15
380 4058 8
468 3766 12
1524 1793 19
343 1746 7
1882 1194 19
1402 59 15
2104 1189 16
3934 2717 15
1798 2777 8
1460 967 16
1606 3864 15
893 2414 12
2233 2603 16
1841 2789 13
164 1847 14
2308 1441 19
1800 2703 7
1838 2374 13
1834 2027 11
3724 2935 7
4207 4074 19
3197 3537 6
1284 3523 17
4025 4093 15
873 2141 17
2823 3909 12
1490 328 5
1166 962 14
2175 1029 13
2189 415 9
418 3660 8
1446 3615 7
218 954 13
403 3927 6
849 1130 6
2360 2499 13
1176 2764 11
2270 2312 10
2627 1075 7
2675 2856 10
273 853 19
3747 1645 6
1712 547 5
1538 3482 8
3900 2993 12
2753 537 13
3681 4162 10
3534 4108 7
4032 1708 19
2235 2569 6
400 4028 16
276 2648 5
1830 98 19
2442 1912 8
2822 3671 14
2620 1351 20
3920 3768 14
385 972 16
2670 1733 18
3322 2599 10
232 577 12
2725 3650 19
3194 3682 18
2124 5 15
2799 1226 12
3651 1631 6
2522 3714 12
3501 3689 10
2200 207 6
757 219 20
3819 1137 11
2186 1675 19
1797 3459 20
1665 372 18
2480 3705 17
1974 235 17
1927 1814 11
2111 2110 14
1562 4178 18
389 1533 5
3253 4185 14
454 897 14
1520 1313 17
962 2663 13
2955 2539 7
1851 7 20
1101 3914 5
2661 3313 14
1088 1845 6
1584 4139 10
3700 1575 9
3983 434 17
4098 1406 20
1388 1641 5
3361 3619 9
2210 2484 12
163 811 70844
3991 3424 6
3354 1629 9
193 2799 11
19 1750 15
3789 3153 19
3806 2215 13
1358 3023 5
2589 4038 20
1759 3996 11
2891 2571 17
802 2254 14