1532
0 1
1 2
0 3
1 4
4 5
4 6
3 7
7 8
7 9
5 10
8 11
9 12
11 13
5 14
11 15
14 16
13 17
8 18
10 19
19 20
19 21
10 22
2 23
14 24
3 25
9 26
12 27
16 28
15 29
17 30
28 31
13 32
29 33
15 34
20 35
17 36
28 37
30 38
25 39
36 40
22 41
36 42
27 43
39 44
32 45
39 46
12 47
38 48
16 49
18 50
31 51
32 52
38 53
18 54
54 55
41 56
29 57
56 58
52 59
6 60
30 61
41 62
43 63
55 64
59 65
40 66
37 67
37 68
51 69
48 70
26 71
25 72
60 73
43 74
74 75
54 76
57 77
57 78
2 79
51 80
46 81
74 82
70 83
40 84
79 85
23 86
24 87
73 88
42 89
47 90
84 91
86 92
78 93
88 94
63 95
20 96
60 97
62 98
65 99
22 100
81 101
31 102
48 103
33 104
83 105
69 106
85 107
35 108
56 109
45 110
76 111
93 112
107 113
27 114
21 115
34 116
87 117
72 118
118 119
94 120
42 121
62 122
94 123
107 124
49 125
102 126
87 127
113 128
105 129
113 130
77 131
6 132
126 133
130 134
73 135
59 136
64 137
109 138
83 139
139 140
124 141
68 142
50 143
55 144
104 145
130 146
72 147
129 148
123 149
88 150
115 151
101 152
143 153
149 154
115 155
144 156
120 157
26 158
132 159
95 160
140 161
149 162
158 163
158 164
90 165
66 166
75 167
152 168
123 169
169 170
170 171
136 172
89 173
23 174
110 175
125 176
121 177
133 178
148 179
33 180
71 181
152 182
109 183
135 184
136 185
155 186
182 187
185 188
105 189
125 190
46 191
128 192
185 193
128 194
78 195
52 196
143 197
138 198
66 199
151 200
171 201
108 202
173 203
179 204
194 205
172 206
53 207
167 208
131 209
172 210
129 211
161 212
147 213
71 214
171 215
102 216
209 217
110 218
85 219
76 220
161 221
21 222
211 223
58 224
106 225
77 226
65 227
153 228
118 229
188 230
228 231
144 232
108 233
192 234
47 235
216 236
178 237
127 238
70 239
203 240
96 241
236 242
181 243
91 244
68 245
141 246
157 247
212 248
199 249
235 250
220 251
173 252
159 253
204 254
195 255
208 256
207 257
239 258
106 259
209 260
257 261
156 262
160 263
210 264
184 265
50 266
245 267
104 268
93 269
179 270
92 271
251 272
203 273
160 274
53 275
134 276
146 277
189 278
233 279
275 280
63 281
278 282
95 283
139 284
164 285
167 286
81 287
141 288
162 289
170 290
146 291
119 292
256 293
220 294
138 295
114 296
265 297
280 298
159 299
177 300
156 301
202 302
261 303
145 304
248 305
252 306
186 307
227 308
126 309
197 310
79 311
268 312
255 313
140 314
205 315
166 316
213 317
269 318
240 319
153 320
64 321
69 322
213 323
166 324
168 325
258 326
147 327
234 328
157 329
323 330
84 331
276 332
325 333
302 334
142 335
212 336
131 337
206 338
98 339
222 340
99 341
174 342
82 343
315 344
221 345
182 346
256 347
273 348
291 349
206 350
235 351
319 352
222 353
193 354
331 355
124 356
303 357
148 358
285 359
91 360
358 361
308 362
211 363
169 364
262 365
268 366
58 367
99 368
207 369
103 370
350 371
228 372
183 373
240 374
142 375
205 376
339 377
291 378
340 379
121 380
221 381
360 382
101 383
336 384
210 385
75 386
351 387
386 388
347 389
186 390
254 391
288 392
337 393
192 394
302 395
230 396
384 397
388 398
387 399
396 400
393 401
308 402
399 403
208 404
301 405
366 406
384 407
363 408
96 409
283 410
286 411
34 412
310 413
257 414
295 415
412 416
350 417
333 418
309 419
190 420
351 421
348 422
190 423
287 424
343 425
371 426
67 427
286 428
335 429
218 430
359 431
329 432
366 433
297 434
236 435
132 436
376 437
389 438
145 439
375 440
164 441
332 442
275 443
242 444
336 445
440 446
353 447
396 448
310 449
327 450
343 451
325 452
408 453
372 454
303 455
301 456
264 457
397 458
289 459
233 460
379 461
61 462
436 463
231 464
463 465
355 466
248 467
194 468
377 469
117 470
320 471
280 472
266 473
243 474
196 475
197 476
317 477
361 478
418 479
416 480
408 481
229 482
287 483
452 484
238 485
229 486
474 487
320 488
429 489
444 490
191 491
372 492
252 493
480 494
314 495
199 496
103 497
249 498
410 499
354 500
355 501
493 502
174 503
463 504
471 505
181 506
441 507
495 508
90 509
224 510
451 511
362 512
127 513
243 514
386 515
255 516
354 517
263 518
484 519
433 520
175 521
430 522
279 523
305 524
250 525
494 526
525 527
419 528
417 529
454 530
497 531
371 532
226 533
165 534
165 535
246 536
61 537
116 538
456 539
373 540
518 541
495 542
377 543
524 544
155 545
330 546
295 547
434 548
262 549
460 550
398 551
322 552
314 553
307 554
274 555
335 556
421 557
389 558
487 559
137 560
380 561
283 562
195 563
267 564
224 565
344 566
505 567
392 568
35 569
176 570
461 571
150 572
551 573
472 574
474 575
436 576
544 577
249 578
447 579
322 580
457 581
86 582
404 583
363 584
134 585
227 586
122 587
67 588
588 589
404 590
383 591
162 592
522 593
353 594
453 595
398 596
416 597
578 598
532 599
469 600
589 601
481 602
214 603
163 604
387 605
361 606
282 607
187 608
578 609
525 610
503 611
516 612
517 613
491 614
345 615
535 616
524 617
349 618
238 619
573 620
577 621
119 622
251 623
344 624
328 625
480 626
98 627
606 628
607 629
264 630
331 631
237 632
486 633
328 634
348 635
565 636
189 637
446 638
602 639
570 640
349 641
193 642
352 643
399 644
514 645
610 646
438 647
493 648
423 649
602 650
241 651
458 652
246 653
232 654
276 655
632 656
497 657
560 658
315 659
444 660
625 661
234 662
281 663
558 664
253 665
517 666
382 667
477 668
516 669
542 670
403 671
663 672
318 673
488 674
477 675
231 676
337 677
596 678
582 679
383 680
378 681
358 682
656 683
596 684
324 685
381 686
427 687
609 688
445 689
549 690
502 691
591 692
650 693
365 694
443 695
391 696
695 697
538 698
501 699
624 700
504 701
232 702
274 703
427 704
648 705
298 706
434 707
469 708
464 709
244 710
603 711
643 712
226 713
281 714
634 715
500 716
695 717
388 718
656 719
473 720
403 721
706 722
478 723
466 724
346 725
508 726
507 727
430 728
566 729
677 730
461 731
598 732
407 733
682 734
120 735
435 736
425 737
601 738
456 739
425 740
215 741
323 742
466 743
176 744
526 745
271 746
449 747
245 748
624 749
329 750
683 751
82 752
724 753
608 754
137 755
678 756
97 757
672 758
502 759
536 760
506 761
529 762
507 763
642 764
658 765
242 766
554 767
511 768
591 769
488 770
551 771
478 772
604 773
482 774
392 775
583 776
582 777
681 778
180 779
673 780
697 781
150 782
763 783
237 784
278 785
451 786
715 787
465 788
759 789
640 790
514 791
330 792
327 793
369 794
705 795
717 796
694 797
423 798
321 799
45 800
684 801
341 802
244 803
772 804
266 805
644 806
597 807
689 808
112 809
151 810
668 811
645 812
426 813
700 814
503 815
760 816
342 817
406 818
632 819
440 820
667 821
814 822
609 823
214 824
625 825
457 826
80 827
822 828
321 829
561 830
613 831
798 832
786 833
528 834
512 835
407 836
316 837
536 838
710 839
405 840
332 841
487 842
721 843
340 844
774 845
755 846
764 847
751 848
790 849
564 850
529 851
750 852
748 853
306 854
472 855
253 856
491 857
741 858
391 859
729 860
648 861
426 862
766 863
370 864
860 865
837 866
661 867
679 868
665 869
843 870
860 871
595 872
338 873
636 874
861 875
534 876
742 877
622 878
464 879
846 880
631 881
748 882
817 883
880 884
736 885
24 886
735 887
545 888
534 889
590 890
874 891
455 892
775 893
541 894
761 895
272 896
300 897
817 898
735 899
359 900
710 901
511 902
763 903
667 904
723 905
864 906
219 907
722 908
759 909
537 910
673 911
258 912
393 913
778 914
230 915
854 916
813 917
345 918
707 919
789 920
168 921
617 922
505 923
879 924
540 925
912 926
622 927
260 928
765 929
771 930
666 931
825 932
855 933
635 934
437 935
116 936
813 937
664 938
513 939
853 940
771 941
936 942
923 943
549 944
421 945
927 946
614 947
580 948
681 949
277 950
367 951
755 952
633 953
638 954
400 955
217 956
767 957
836 958
612 959
867 960
402 961
300 962
867 963
745 964
479 965
703 966
905 967
809 968
400 969
80 970
239 971
966 972
889 973
732 974
574 975
737 976
634 977
850 978
49 979
187 980
721 981
465 982
694 983
479 984
567 985
686 986
422 987
294 988
650 989
490 990
861 991
724 992
737 993
966 994
761 995
949 996
585 997
289 998
953 999
607 1000
613 1001
200 1002
510 1003
285 1004
775 1005
415 1006
539 1007
475 1008
786 1009
614 1010
410 1011
702 1012
641 1013
940 1014
945 1015
671 1016
217 1017
919 1018
379 1019
837 1020
450 1021
375 1022
356 1023
942 1024
583 1025
661 1026
433 1027
870 1028
708 1029
284 1030
946 1031
442 1032
757 1033
996 1034
659 1035
360 1036
936 1037
183 1038
868 1039
1036 1040
1032 1041
795 1042
973 1043
803 1044
758 1045
576 1046
247 1047
117 1048
992 1049
309 1050
925 1051
498 1052
528 1053
659 1054
569 1055
260 1056
734 1057
684 1058
706 1059
538 1060
1032 1061
569 1062
972 1063
1017 1064
883 1065
555 1066
925 1067
601 1068
424 1069
856 1070
272 1071
215 1072
437 1073
975 1074
277 1075
1063 1076
496 1077
373 1078
845 1079
699 1080
588 1081
443 1082
690 1083
901 1084
1006 1085
717 1086
970 1087
273 1088
177 1089
990 1090
1059 1091
887 1092
831 1093
395 1094
991 1095
412 1096
940 1097
586 1098
897 1099
878 1100
540 1101
453 1102
627 1103
969 1104
866 1105
963 1106
324 1107
492 1108
381 1109
991 1110
702 1111
581 1112
633 1113
1073 1114
756 1115
1100 1116
876 1117
297 1118
741 1119
764 1120
44 1121
247 1122
845 1123
715 1124
259 1125
1082 1126
919 1127
1035 1128
931 1129
842 1130
934 1131
1038 1132
1043 1133
508 1134
744 1135
670 1136
523 1137
739 1138
1085 1139
1005 1140
989 1141
1008 1142
915 1143
798 1144
313 1145
859 1146
967 1147
577 1148
752 1149
188 1150
838 1151
658 1152
1125 1153
1152 1154
739 1155
567 1156
618 1157
950 1158
734 1159
530 1160
753 1161
680 1162
841 1163
616 1164
1134 1165
1137 1166
537 1167
882 1168
1033 1169
489 1170
481 1171
1101 1172
922 1173
855 1174
580 1175
1000 1176
1062 1177
662 1178
831 1179
628 1180
1011 1181
1097 1182
1062 1183
791 1184
653 1185
1057 1186
979 1187
762 1188
642 1189
909 1190
241 1191
460 1192
874 1193
697 1194
1056 1195
1045 1196
1036 1197
956 1198
1138 1199
446 1200
380 1201
510 1202
135 1203
1140 1204
1190 1205
599 1206
532 1207
646 1208
499 1209
1081 1210
1008 1211
994 1212
781 1213
1030 1214
420 1215
595 1216
369 1217
1078 1218
978 1219
564 1220
824 1221
852 1222
557 1223
760 1224
983 1225
996 1226
1051 1227
942 1228
1118 1229
294 1230
1150 1231
447 1232
1110 1233
931 1234
1161 1235
312 1236
803 1237
202 1238
842 1239
546 1240
1117 1241
1171 1242
304 1243
660 1244
841 1245
489 1246
929 1247
796 1248
784 1249
575 1250
1146 1251
876 1252
615 1253
471 1254
964 1255
504 1256
645 1257
1159 1258
1027 1259
847 1260
376 1261
914 1262
729 1263
414 1264
299 1265
216 1266
1051 1267
1201 1268
999 1269
794 1270
385 1271
1106 1272
649 1273
750 1274
1212 1275
619 1276
1000 1277
515 1278
445 1279
647 1280
1081 1281
1057 1282
629 1283
871 1284
870 1285
1082 1286
1201 1287
932 1288
1059 1289
898 1290
542 1291
709 1292
1040 1293
1226 1294
1288 1295
552 1296
1011 1297
777 1298
700 1299
555 1300
1104 1301
1117 1302
964 1303
742 1304
1224 1305
563 1306
599 1307
498 1308
1133 1309
777 1310
467 1311
339 1312
896 1313
263 1314
676 1315
1305 1316
879 1317
1144 1318
1181 1319
1234 1320
1228 1321
619 1322
338 1323
288 1324
954 1325
1227 1326
1240 1327
1243 1328
1305 1329
1169 1330
620 1331
713 1332
1205 1333
773 1334
420 1335
500 1336
1298 1337
918 1338
198 1339
1182 1340
342 1341
781 1342
44 1343
1289 1344
559 1345
1159 1346
282 1347
1067 1348
1086 1349
712 1350
657 1351
1210 1352
754 1353
699 1354
1196 1355
1178 1356
397 1357
347 1358
641 1359
1255 1360
438 1361
1287 1362
665 1363
482 1364
900 1365
615 1366
669 1367
1193 1368
810 1369
945 1370
1299 1371
512 1372
1275 1373
584 1374
756 1375
943 1376
401 1377
486 1378
957 1379
660 1380
914 1381
1139 1382
1125 1383
617 1384
1132 1385
367 1386
1279 1387
191 1388
319 1389
1152 1390
1258 1391
1031 1392
1251 1393
891 1394
1370 1395
1187 1396
937 1397
772 1398
793 1399
1301 1400
1083 1401
950 1402
450 1403
1195 1404
1281 1405
1223 1406
200 1407
703 1408
836 1409
611 1410
432 1411
962 1412
1300 1413
618 1414
693 1415
1010 1416
1018 1417
494 1418
740 1419
89 1420
382 1421
1362 1422
864 1423
902 1424
1002 1425
765 1426
651 1427
959 1428
1283 1429
1268 1430
1409 1431
740 1432
922 1433
784 1434
670 1435
1058 1436
603 1437
1412 1438
804 1439
814 1440
993 1441
1261 1442
1085 1443
911 1444
909 1445
1139 1446
1172 1447
462 1448
1370 1449
1238 1450
1280 1451
1045 1452
522 1453
685 1454
1068 1455
757 1456
677 1457
1071 1458
1382 1459
1190 1460
1204 1461
1433 1462
1289 1463
1358 1464
1312 1465
1155 1466
1100 1467
877 1468
1205 1469
593 1470
265 1471
1362 1472
854 1473
306 1474
454 1475
1099 1476
1121 1477
957 1478
960 1479
912 1480
1093 1481
787 1482
1423 1483
1271 1484
744 1485
1271 1486
1199 1487
1347 1488
676 1489
100 1490
506 1491
1074 1492
1164 1493
1286 1494
1028 1495
394 1496
1302 1497
828 1498
1150 1499
1235 1500
432 1501
846 1502
519 1503
1277 1504
1196 1505
133 1506
1326 1507
270 1508
1374 1509
1033 1510
1379 1511
492 1512
901 1513
1420 1514
1468 1515
693 1516
878 1517
1193 1518
1501 1519
1218 1520
838 1521
637 1522
1158 1523
1080 1524
993 1525
853 1526
687 1527
971 1528
1103 1529
1006 1530
1216 1531